,time,mean,median,sd,min,max
0,307.0,99.71428571428571,63.0,86.07258446171096,20.0,247.0
0,601.0,262.42857142857144,277.0,155.28532001527026,2.0,541.0
0,733.0,375.5,409.0,173.4205252310942,95.0,673.0
0,734.0,376.5,410.0,173.4205252310942,96.0,674.0
0,910.0,451.9375,449.5,241.70655471821613,30.0,850.0
0,970.0,456.55555555555554,489.5,276.5598633654048,1.0,910.0
0,997.0,436.7,476.0,297.66408920123365,6.0,937.0
0,1159.0,558.7,585.0,306.10441029165196,8.0,1099.0
0,1160.0,559.7,586.0,306.10441029165196,9.0,1100.0
0,1201.0,568.2380952380952,609.0,330.0983842896805,33.0,1141.0
0,1245.0,598.7619047619048,653.0,347.8299947034751,18.0,1185.0
0,1257.0,610.7619047619048,665.0,347.8299947034751,6.0,1197.0
0,1329.0,698.9,755.0,348.66286008119647,3.0,1269.0
0,1332.0,701.9,758.0,348.66286008119647,6.0,1272.0
0,1451.0,820.9,877.0,348.66286008119647,39.0,1391.0
0,1484.0,851.8947368421053,928.0,357.6081205272554,72.0,1424.0
0,1507.0,874.8947368421053,951.0,357.6081205272554,95.0,1447.0
0,1574.0,941.8947368421053,1018.0,357.6081205272554,1.0,1514.0
0,1675.0,970.8421052631579,1037.0,414.24697224798217,19.0,1615.0
0,1701.0,1049.7222222222222,1104.0,357.7765916129405,3.0,1641.0
0,1782.0,1164.5882352941176,1226.0,338.953416688962,32.0,1722.0
0,1826.0,1083.421052631579,1188.0,485.7656263748116,13.0,1766.0
0,1883.0,1102.5,1167.0,470.9091974279354,17.0,1782.0
0,1931.0,1037.5,1103.0,560.8311243146193,3.0,1830.0
0,2010.0,1116.5,1182.0,560.8311243146193,13.0,1909.0
0,2034.0,1140.5,1206.0,560.8311243146193,10.0,1933.0
0,2084.0,1091.9,1221.0,585.6345191328804,8.0,1806.0
0,2108.0,1115.9,1245.0,585.6345191328804,10.0,1830.0
0,2167.0,1072.090909090909,1248.5,646.1340917045084,12.0,1889.0
0,2172.0,1077.090909090909,1253.5,646.1340917045084,17.0,1894.0
0,2214.0,1028.4583333333333,1232.0,687.7920579147127,7.0,1936.0
0,2277.0,1090.5217391304348,1304.0,702.5699946293587,2.0,1999.0
0,2401.0,1203.0434782608695,1428.0,718.925979031939,1.0,2123.0
0,2411.0,1187.4347826086957,1438.0,750.1887777542603,9.0,2133.0
0,2446.0,1252.8636363636363,1527.5,753.0393141647294,44.0,2168.0
0,2456.0,1208.2173913043478,1483.0,779.8139107182665,1.0,2178.0
0,2457.0,1209.2173913043478,1484.0,779.8139107182665,2.0,2179.0
0,2496.0,1287.7272727272727,1577.5,774.4981472962278,20.0,2218.0
0,2502.0,1237.5217391304348,1529.0,802.0389164126973,1.0,2224.0
0,2532.0,1230.3181818181818,1550.0,800.4195142300883,16.0,2254.0
0,2556.0,1254.3181818181818,1574.0,800.4195142300883,1.0,2278.0
0,2587.0,1324.7142857142858,1614.0,798.1443444376608,32.0,2309.0
0,2610.0,1347.7142857142858,1637.0,798.1443444376608,5.0,2332.0
0,2635.0,1351.5238095238096,1662.0,827.796939619029,2.0,2357.0
0,2659.0,1375.5238095238096,1686.0,827.796939619029,16.0,2381.0
0,2670.0,1444.85,1751.5,805.0275321378766,1.0,2392.0
0,2684.0,1458.85,1765.5,805.0275321378766,15.0,2406.0
0,2708.0,1482.85,1789.5,805.0275321378766,9.0,2430.0
0,2719.0,1444.3684210526317,1746.0,795.7447495090314,6.0,2441.0
0,2720.0,1445.3684210526317,1747.0,795.7447495090314,7.0,2442.0
0,2737.0,1333.3157894736842,1746.0,822.0439898993485,6.0,2376.0
0,2748.0,1344.3157894736842,1757.0,822.0439898993485,17.0,2387.0
0,2793.0,1321.85,1716.5,853.4925468333042,19.0,2432.0
0,2833.0,1310.6,1756.5,901.1444612269445,8.0,2472.0
0,2869.0,1346.6,1792.5,901.1444612269445,36.0,2508.0
0,2877.0,1354.6,1800.5,901.1444612269445,2.0,2516.0
0,2967.0,1266.5238095238096,1039.0,938.2627116643681,36.0,2606.0
0,2969.0,1268.5238095238096,1041.0,938.2627116643681,38.0,2608.0
0,2993.0,1188.952380952381,816.0,952.4219991154619,10.0,2632.0
0,3001.0,1196.952380952381,824.0,952.4219991154619,18.0,2640.0
0,3010.0,1264.2,957.5,938.7302914042989,7.0,2649.0
0,3024.0,1237.5263157894738,847.0,945.78396155732,21.0,2663.0
0,3048.0,1308.5555555555557,995.5,949.8309921139902,9.0,2687.0
0,3056.0,1316.5555555555557,1003.5,949.8309921139902,17.0,2695.0
0,3072.0,1390.8235294117646,1144.0,945.5873515685194,16.0,2711.0
0,3099.0,1340.5555555555557,1046.5,972.6032205845084,27.0,2738.0
0,3132.0,1226.75,875.0,1020.6211772739189,3.0,2771.0
0,3178.0,1212.5714285714287,841.0,1031.7429807036697,9.0,2817.0
0,3219.0,1090.409090909091,767.5,1036.6393542724713,3.0,2858.0
0,3226.0,1097.409090909091,774.5,1036.6393542724713,4.0,2865.0
0,3238.0,1158.952380952381,836.0,1035.2747266485298,16.0,2877.0
0,3278.0,1095.608695652174,777.0,1044.383601819979,4.0,2917.0
0,3284.0,1101.608695652174,783.0,1044.383601819979,10.0,2923.0
0,3290.0,1107.608695652174,789.0,1044.383601819979,16.0,2929.0
0,3296.0,1113.608695652174,795.0,1044.383601819979,22.0,2935.0
0,3309.0,1037.12,556.0,1046.6962623416596,6.0,2948.0
0,3317.0,1005.1153846153846,528.0,1045.6791435721452,5.0,2956.0
0,3325.0,975.7407407407408,500.0,1043.6787710924661,4.0,2964.0
0,3363.0,997.5384615384615,489.0,1060.222771611602,15.0,3002.0
0,3373.0,1009.0,450.0,1081.1936366812376,10.0,3012.0
0,3395.0,1060.5,521.0,1093.5862639347051,8.0,3034.0
0,3399.0,1064.5,525.0,1093.5862639347051,12.0,3038.0
0,3412.0,1077.5,538.0,1093.5862639347051,10.0,3051.0
0,3423.0,1088.5,549.0,1093.5862639347051,2.0,3062.0
0,3426.0,1091.5,552.0,1093.5862639347051,5.0,3065.0
0,3429.0,1094.5,555.0,1093.5862639347051,8.0,3068.0
0,3449.0,1148.2608695652175,624.0,1104.7953663517455,28.0,3088.0
0,3477.0,1222.6363636363637,688.0,1107.5141511697818,56.0,3116.0
0,3488.0,1180.2608695652175,663.0,1111.7258896356602,6.0,3127.0
0,3494.0,1093.2173913043478,571.0,1101.446004381108,12.0,3133.0
0,3562.0,1106.2083333333333,542.5,1108.4166251597615,21.0,3201.0
0,3579.0,1108.0833333333333,559.5,1120.9022376589712,14.0,3218.0
0,3587.0,1116.0833333333333,567.5,1120.9022376589712,22.0,3226.0
0,3601.0,1145.4782608695652,485.0,1142.5238602613692,36.0,3240.0
0,3618.0,1192.5,596.0,1159.2951914456864,5.0,3257.0
0,3658.0,1284.8095238095239,735.0,1160.9329835482536,9.0,3297.0
0,3659.0,1285.8095238095239,736.0,1160.9329835482536,10.0,3298.0
0,3672.0,1343.85,834.0,1171.5596986496248,10.0,3311.0
0,3687.0,1358.85,849.0,1171.5596986496248,25.0,3326.0
0,3732.0,1452.9473684210527,979.0,1181.7701474654211,2.0,3371.0
0,3755.0,1376.3333333333333,917.0,1133.857280848579,12.0,3394.0
0,3765.0,1386.3333333333333,927.0,1133.857280848579,10.0,3404.0
0,3778.0,1399.3333333333333,940.0,1133.857280848579,23.0,3417.0
0,3789.0,1464.4705882352941,1036.0,1143.8979858694236,34.0,3428.0
0,3839.0,1280.1052631578948,718.0,1210.6431911542263,1.0,3478.0
0,3862.0,1274.7368421052631,741.0,1234.0468233932088,11.0,3501.0
0,3894.0,1242.65,726.0,1234.8130739103792,25.0,3533.0
0,3907.0,1255.65,739.0,1234.8130739103792,38.0,3546.0
0,3918.0,1231.8,706.0,1259.8117557794099,6.0,3557.0
0,3922.0,1177.0,619.0,1257.257749078942,1.0,3561.0
0,3934.0,1176.8,541.5,1287.09217230158,13.0,3573.0
0,3965.0,1207.8,572.5,1287.09217230158,44.0,3604.0
0,3968.0,1210.8,575.5,1287.09217230158,47.0,3607.0
0,3972.0,1214.8,579.5,1287.09217230158,51.0,3611.0
0,3974.0,1216.8,581.5,1287.09217230158,53.0,3613.0
0,3985.0,1227.8,592.5,1287.09217230158,64.0,3624.0
0,4016.0,1258.8,623.5,1287.09217230158,16.0,3655.0
0,4031.0,1158.909090909091,540.5,1279.8457971423002,8.0,3670.0
0,4032.0,1159.909090909091,541.5,1279.8457971423002,9.0,3671.0
0,4049.0,1155.2727272727273,558.5,1295.3069549099228,8.0,3688.0
0,4073.0,1179.2727272727273,582.5,1295.3069549099228,32.0,3712.0
0,4098.0,1204.2727272727273,607.5,1295.3069549099228,14.0,3737.0
0,4102.0,1208.2727272727273,611.5,1295.3069549099228,18.0,3741.0
0,4149.0,1060.9130434782608,343.0,1231.8550843992577,5.0,3788.0
0,4163.0,1030.5833333333333,352.0,1224.5150031974113,11.0,3802.0
0,4201.0,1056.2916666666667,390.0,1233.2962431078304,5.0,3840.0
0,4216.0,1104.6521739130435,410.0,1249.1760278608579,20.0,3855.0
0,4225.0,1113.6521739130435,419.0,1249.1760278608579,29.0,3864.0
0,4248.0,1089.625,437.0,1243.498351845175,8.0,3887.0
0,4256.0,1053.8,440.0,1237.1466202516174,2.0,3895.0
0,4258.0,1055.8,442.0,1237.1466202516174,4.0,3897.0
0,4259.0,1056.8,443.0,1237.1466202516174,5.0,3898.0
0,4260.0,1096.2083333333333,449.0,1247.9679142231803,1.0,3899.0
0,4335.0,1127.12,519.0,1241.68341601231,13.0,3974.0
0,4353.0,1145.12,537.0,1241.68341601231,31.0,3992.0
0,4368.0,1160.12,552.0,1241.68341601231,46.0,4007.0
0,4382.0,1129.1923076923076,565.5,1238.119946321555,4.0,4021.0
0,4389.0,1136.1923076923076,572.5,1238.119946321555,11.0,4028.0
0,4400.0,1147.1923076923076,583.5,1238.119946321555,22.0,4039.0
0,4409.0,1178.72,592.0,1257.4035635387709,31.0,4048.0
0,4433.0,1114.2592592592594,582.0,1249.7057014321588,7.0,4072.0
0,4440.0,1140.423076923077,554.0,1269.6126960333195,14.0,4079.0
0,4450.0,1172.48,529.0,1289.861949822538,10.0,4089.0
0,4457.0,1201.5,487.0,1311.8477426896766,17.0,4096.0
0,4487.0,1274.304347826087,566.0,1323.553958584781,17.0,4126.0
0,4494.0,1228.0,524.0,1320.6645107672123,2.0,4133.0
0,4499.0,1233.0,529.0,1320.6645107672123,7.0,4138.0
0,4504.0,1238.0,534.0,1320.6645107672123,2.0,4143.0
0,4508.0,1242.0,538.0,1320.6645107672123,3.0,4147.0
0,4511.0,1281.4347826086957,590.0,1337.208930574262,6.0,4150.0
0,4514.0,1284.4347826086957,593.0,1337.208930574262,9.0,4153.0
0,4518.0,1288.4347826086957,597.0,1337.208930574262,13.0,4157.0
0,4528.0,1386.857142857143,1029.0,1366.9342578581175,23.0,4167.0
0,4558.0,1352.8181818181818,848.0,1367.368927950305,8.0,4197.0
0,4597.0,1332.2608695652175,676.0,1366.1779506406313,17.0,4236.0
0,4606.0,1341.2608695652175,685.0,1366.1779506406313,5.0,4245.0
0,4615.0,1360.1363636363637,645.0,1396.0792923383212,14.0,4254.0
0,4651.0,1396.1363636363637,681.0,1396.0792923383212,50.0,4290.0
0,4654.0,1399.1363636363637,684.0,1396.0792923383212,53.0,4293.0
0,4665.0,1410.1363636363637,695.0,1396.0792923383212,64.0,4304.0
0,4676.0,1421.1363636363637,706.0,1396.0792923383212,75.0,4315.0
0,4679.0,1424.1363636363637,709.0,1396.0792923383212,78.0,4318.0
0,4749.0,1321.52,726.0,1390.5611276028105,48.0,4388.0
0,4774.0,1294.8076923076924,742.0,1387.855457427055,2.0,4413.0
0,4785.0,1305.8076923076924,753.0,1387.855457427055,9.0,4424.0
0,4791.0,1311.8076923076924,759.0,1387.855457427055,15.0,4430.0
0,4801.0,1370.28,778.0,1393.5924087049268,25.0,4440.0
0,4803.0,1406.5833333333333,782.0,1411.9499494395056,27.0,4442.0
0,4817.0,1458.391304347826,798.0,1430.3756192337378,41.0,4456.0
0,4818.0,1459.391304347826,799.0,1430.3756192337378,42.0,4457.0
0,4849.0,1372.44,826.0,1429.0919656901021,3.0,4488.0
0,4865.0,1335.3846153846155,833.0,1426.2277322989826,9.0,4504.0
0,4878.0,1348.3846153846155,846.0,1426.2277322989826,22.0,4517.0
0,4889.0,1309.3333333333333,848.0,1422.64576158753,8.0,4528.0
0,4892.0,1312.3333333333333,851.0,1422.64576158753,1.0,4531.0
0,4900.0,1388.4,877.0,1452.980165040115,9.0,4539.0
0,4929.0,1363.0,729.5,1450.495512150669,3.0,4568.0
0,4933.0,1367.0,733.5,1450.495512150669,7.0,4572.0
0,4937.0,1371.0,737.5,1450.495512150669,11.0,4576.0
0,4942.0,1376.0,742.5,1450.495512150669,3.0,4581.0
0,4950.0,1424.36,927.0,1464.8353321790132,11.0,4589.0
0,4978.0,1452.36,955.0,1464.8353321790132,7.0,4617.0
0,4979.0,1453.36,956.0,1464.8353321790132,8.0,4618.0
0,5009.0,1465.12,986.0,1480.2350980840847,3.0,4648.0
0,5032.0,1431.4615384615386,832.5,1478.8771268137925,15.0,4671.0
0,5033.0,1432.4615384615386,833.5,1478.8771268137925,16.0,4672.0
0,5036.0,1435.4615384615386,836.5,1478.8771268137925,19.0,4675.0
0,5037.0,1436.4615384615386,837.5,1478.8771268137925,20.0,4676.0
0,5056.0,1491.12,1033.0,1497.1643148298717,6.0,4695.0
0,5085.0,1474.6,709.0,1524.352925014414,26.0,4724.0
0,5099.0,1488.6,723.0,1524.352925014414,40.0,4738.0
0,5101.0,1490.6,725.0,1524.352925014414,42.0,4740.0
0,5103.0,1435.2692307692307,703.5,1521.9891730559086,2.0,4742.0
0,5104.0,1436.2692307692307,704.5,1521.9891730559086,3.0,4743.0
0,5105.0,1437.2692307692307,705.5,1521.9891730559086,4.0,4744.0
0,5107.0,1439.2692307692307,707.5,1521.9891730559086,6.0,4746.0
0,5109.0,1441.2692307692307,709.5,1521.9891730559086,8.0,4748.0
0,5110.0,1442.2692307692307,710.5,1521.9891730559086,9.0,4749.0
0,5113.0,1391.851851851852,690.0,1518.1717246278608,3.0,4752.0
0,5145.0,1408.111111111111,722.0,1530.3417031483727,2.0,4784.0
0,5165.0,1377.4285714285713,740.5,1525.6671474794098,8.0,4804.0
0,5170.0,1382.4285714285713,745.5,1525.6671474794098,13.0,4809.0
0,5180.0,1392.4285714285713,755.5,1525.6671474794098,23.0,4819.0
0,5186.0,1352.9642857142858,761.5,1518.1749024531973,29.0,4825.0
0,5192.0,1380.076923076923,632.0,1573.3113761714599,35.0,4831.0
0,5215.0,1403.076923076923,655.0,1573.3113761714599,6.0,4854.0
0,5230.0,1291.12,536.0,1468.0774726151205,6.0,4869.0
0,5231.0,1292.12,537.0,1468.0774726151205,7.0,4870.0
0,5249.0,1351.25,689.0,1484.1703701058043,25.0,4888.0
0,5278.0,1275.2692307692307,545.0,1471.587644941871,6.0,4917.0
0,5292.0,1280.576923076923,559.0,1478.4525478995033,7.0,4931.0
0,5304.0,1245.148148148148,532.0,1470.8338704110747,12.0,4943.0
0,5315.0,1256.148148148148,543.0,1470.8338704110747,23.0,4954.0
0,5370.0,1311.148148148148,598.0,1470.8338704110747,78.0,5009.0
0,5390.0,1331.148148148148,618.0,1470.8338704110747,98.0,5029.0
0,5392.0,1333.148148148148,620.0,1470.8338704110747,100.0,5031.0
0,5401.0,1350.24,629.0,1508.9004547683057,109.0,5040.0
0,5406.0,1389.8333333333333,673.0,1530.2708819755483,114.0,5045.0
0,5414.0,1397.8333333333333,681.0,1530.2708819755483,122.0,5053.0
0,5420.0,1403.8333333333333,687.0,1530.2708819755483,128.0,5059.0
0,5422.0,1405.8333333333333,689.0,1530.2708819755483,1.0,5061.0
0,5423.0,1406.8333333333333,690.0,1530.2708819755483,2.0,5062.0
0,5428.0,1411.8333333333333,695.0,1530.2708819755483,7.0,5067.0
0,5457.0,1488.391304347826,763.0,1545.7234619407027,14.0,5096.0
0,5467.0,1557.2727272727273,907.0,1555.031282404376,24.0,5106.0
0,5499.0,1589.2727272727273,939.0,1555.031282404376,6.0,5138.0
0,5501.0,1522.1739130434783,807.0,1555.001206547104,2.0,5140.0
0,5532.0,1585.6818181818182,933.0,1582.2874519437082,22.0,5171.0
0,5543.0,1596.6818181818182,944.0,1582.2874519437082,6.0,5182.0
0,5551.0,1449.4,742.0,1440.7131706207172,41.0,5076.0
0,5576.0,1474.4,767.0,1440.7131706207172,66.0,5101.0
0,5579.0,1407.142857142857,733.0,1440.6717443019184,2.0,5104.0
0,5608.0,1448.7,757.0,1475.1272860333104,2.0,5133.0
0,5611.0,1451.7,760.0,1475.1272860333104,5.0,5136.0
0,5612.0,1452.7,761.0,1475.1272860333104,6.0,5137.0
0,5647.0,1392.952380952381,791.0,1492.2181787428142,2.0,5172.0
0,5676.0,1357.8181818181818,745.0,1487.238338677785,11.0,5201.0
0,5684.0,1405.7142857142858,828.0,1510.6912370188165,19.0,5209.0
0,5685.0,1406.7142857142858,829.0,1510.6912370188165,1.0,5210.0
0,5694.0,1333.7272727272727,763.0,1518.3634186433692,6.0,5219.0
0,5696.0,1335.7272727272727,765.0,1518.3634186433692,8.0,5221.0
0,5699.0,1296.7272727272727,645.5,1541.7705931763878,3.0,5224.0
0,5700.0,1297.7272727272727,646.5,1541.7705931763878,4.0,5225.0
0,5709.0,1365.6190476190477,703.0,1553.6886516621837,13.0,5234.0
0,5726.0,1382.6190476190477,720.0,1553.6886516621837,30.0,5251.0
0,5734.0,1390.6190476190477,728.0,1553.6886516621837,38.0,5259.0
0,5745.0,1447.5,814.0,1578.112654407156,49.0,5270.0
0,5764.0,1312.6818181818182,710.5,1576.5791329320245,3.0,5289.0
0,5771.0,1274.3333333333333,670.0,1599.600287373405,6.0,5296.0
0,5780.0,1225.409090909091,480.0,1585.205081630275,3.0,5305.0
0,5784.0,1229.409090909091,484.0,1585.205081630275,2.0,5309.0
0,5816.0,1206.9130434782608,317.0,1571.2911033825012,8.0,5341.0
0,5863.0,999.7586206896551,198.0,1485.184620015011,8.0,5388.0
0,5882.0,1017.4827586206897,217.0,1486.030227118423,15.0,5407.0
0,5899.0,1000.3,223.5,1472.6037065913783,9.0,5424.0
0,5903.0,1004.3,227.5,1472.6037065913783,13.0,5428.0
0,5915.0,1016.3,239.5,1472.6037065913783,25.0,5440.0
0,5934.0,970.90625,247.0,1447.4892564233205,3.0,5459.0
0,5952.0,985.15625,265.0,1449.875988433472,5.0,5477.0
0,5962.0,905.1612903225806,274.0,1382.3098036765384,6.0,5487.0
0,5969.0,941.3,282.0,1395.762184853375,1.0,5494.0
0,5975.0,947.3,288.0,1395.762184853375,1.0,5500.0
0,5987.0,953.0344827586207,299.0,1419.2082416945366,18.0,5512.0
0,5992.0,979.3214285714286,300.0,1439.7726024215328,23.0,5517.0
0,5997.0,1009.6296296296297,309.0,1460.0639546659172,28.0,5522.0
0,6001.0,1013.6296296296297,313.0,1460.0639546659172,32.0,5526.0
0,6006.0,1009.1851851851852,318.0,1465.7542625894152,5.0,5531.0
0,6014.0,1017.1851851851852,326.0,1465.7542625894152,7.0,5539.0
0,6022.0,1025.1851851851852,334.0,1465.7542625894152,15.0,5547.0
0,6039.0,1042.1851851851852,351.0,1465.7542625894152,1.0,5564.0
0,6054.0,1057.1851851851852,366.0,1465.7542625894152,7.0,5579.0
0,6093.0,1022.3793103448276,336.0,1440.0750558455243,6.0,5618.0
0,6105.0,1034.3793103448277,348.0,1440.0750558455243,1.0,5630.0
0,6110.0,1025.2758620689656,349.0,1448.0331225148543,3.0,5635.0
0,6118.0,1098.4444444444443,361.0,1479.6071383818805,8.0,5643.0
0,6130.0,1138.8076923076924,406.5,1500.5725322543435,20.0,5655.0
0,6132.0,1140.8076923076924,408.5,1500.5725322543435,22.0,5657.0
0,6138.0,1146.8076923076924,414.5,1500.5725322543435,28.0,5663.0
0,6141.0,1149.8076923076924,417.5,1500.5725322543435,31.0,5666.0
0,6143.0,1151.8076923076924,419.5,1500.5725322543435,33.0,5668.0
0,6144.0,1152.8076923076924,420.5,1500.5725322543435,34.0,5669.0
0,6175.0,1063.7857142857142,355.5,1496.0579953699,2.0,5700.0
0,6193.0,1081.7857142857142,373.5,1496.0579953699,20.0,5718.0
0,6204.0,1092.7857142857142,384.5,1496.0579953699,5.0,5729.0
0,6232.0,1082.7931034482758,401.0,1483.7206117546325,14.0,5757.0
0,6243.0,1093.7931034482758,412.0,1483.7206117546325,4.0,5768.0
0,6250.0,1100.7931034482758,419.0,1483.7206117546325,11.0,5775.0
0,6251.0,1101.7931034482758,420.0,1483.7206117546325,12.0,5776.0
0,6253.0,1067.0666666666666,412.0,1472.1284122732711,2.0,5778.0
0,6256.0,1119.0714285714287,415.0,1510.9191603734707,5.0,5781.0
0,6266.0,1166.7777777777778,435.0,1525.653359331505,15.0,5791.0
0,6273.0,1173.7777777777778,442.0,1525.653359331505,22.0,5798.0
0,6283.0,1141.8214285714287,442.0,1513.9412154461386,5.0,5808.0
0,6303.0,1161.8214285714287,462.0,1513.9412154461386,4.0,5828.0
0,6306.0,1164.8214285714287,465.0,1513.9412154461386,1.0,5831.0
0,6307.0,1165.8214285714287,466.0,1513.9412154461386,2.0,5832.0
0,6332.0,1190.8214285714287,491.0,1513.9412154461386,20.0,5857.0
0,6351.0,1209.8214285714287,510.0,1513.9412154461386,12.0,5876.0
0,6354.0,1212.8214285714287,513.0,1513.9412154461386,15.0,5879.0
0,6367.0,1225.8214285714287,526.0,1513.9412154461386,7.0,5892.0
0,6374.0,1224.7857142857142,533.0,1519.8336459048703,4.0,5899.0
0,6383.0,1191.3793103448277,532.0,1510.1639877565501,4.0,5908.0
0,6406.0,1214.3793103448277,555.0,1510.1639877565501,19.0,5931.0
0,6420.0,1149.6129032258063,566.0,1491.1140169170194,4.0,5945.0
0,6424.0,1153.6129032258063,570.0,1491.1140169170194,8.0,5949.0
0,6440.0,1169.6129032258063,586.0,1491.1140169170194,24.0,5965.0
0,6457.0,1186.6129032258063,603.0,1491.1140169170194,5.0,5982.0
0,6461.0,1190.6129032258063,607.0,1491.1140169170194,9.0,5986.0
0,6472.0,1160.0333333333333,611.5,1497.9787600482043,20.0,5997.0
0,6510.0,1219.2413793103449,656.0,1519.1524555209521,13.0,6035.0
0,6525.0,1193.2,664.5,1509.8821675879217,3.0,6050.0
0,6545.0,1174.2903225806451,678.0,1500.5408743892315,4.0,6070.0
0,6555.0,1217.6,694.5,1514.0282163817158,5.0,6080.0
0,6564.0,1226.6,703.5,1514.0282163817158,14.0,6089.0
0,6565.0,1227.6,704.5,1514.0282163817158,15.0,6090.0
0,6578.0,1240.6,717.5,1514.0282163817158,28.0,6103.0
0,6592.0,1254.6,731.5,1514.0282163817158,8.0,6117.0
0,6612.0,1263.1724137931035,745.0,1538.6383382038566,4.0,6137.0
0,6613.0,1264.1724137931035,746.0,1538.6383382038566,5.0,6138.0
0,6620.0,1271.1724137931035,753.0,1538.6383382038566,7.0,6145.0
0,6631.0,1239.6,752.5,1530.0504043984956,5.0,6156.0
0,6641.0,1209.3870967741937,751.0,1521.1997531112622,1.0,6166.0
0,6657.0,1225.3870967741937,767.0,1521.1997531112622,17.0,6182.0
0,6660.0,1228.3870967741937,770.0,1521.1997531112622,20.0,6185.0
0,6664.0,1258.4333333333334,785.5,1539.5301379172658,24.0,6189.0
0,6667.0,1261.4333333333334,788.5,1539.5301379172658,1.0,6192.0
0,6715.0,1270.9333333333334,796.5,1562.3334670364782,3.0,6240.0
0,6717.0,1272.9333333333334,798.5,1562.3334670364782,5.0,6242.0
0,6732.0,1233.7666666666667,758.0,1577.5953575686708,6.0,6257.0
0,6734.0,1235.7666666666667,760.0,1577.5953575686708,8.0,6259.0
0,6742.0,1243.7666666666667,768.0,1577.5953575686708,3.0,6267.0
0,6752.0,1253.7666666666667,778.0,1577.5953575686708,2.0,6277.0
0,6757.0,1258.7666666666667,783.0,1577.5953575686708,1.0,6282.0
0,6810.0,1329.103448275862,863.0,1601.752517472499,3.0,6335.0
0,6830.0,1349.103448275862,883.0,1601.752517472499,16.0,6355.0
0,6832.0,1351.103448275862,885.0,1601.752517472499,18.0,6357.0
0,6843.0,1375.4285714285713,842.0,1628.524144050404,3.0,6368.0
0,6855.0,1387.4285714285713,854.0,1628.524144050404,8.0,6380.0
0,6856.0,1340.5862068965516,801.0,1620.1013701200682,1.0,6381.0
0,6859.0,1343.5862068965516,804.0,1620.1013701200682,4.0,6384.0
0,6875.0,1401.7857142857142,874.0,1633.041823389339,3.0,6400.0
0,6877.0,1403.7857142857142,876.0,1633.041823389339,5.0,6402.0
0,6878.0,1404.7857142857142,877.0,1633.041823389339,6.0,6403.0
0,6884.0,1464.8846153846155,883.0,1679.824403069538,12.0,6409.0
0,6890.0,1470.8846153846155,889.0,1679.824403069538,18.0,6415.0
0,6908.0,1480.4615384615386,907.0,1686.7007903635479,1.0,6433.0
0,6935.0,1507.4615384615386,934.0,1686.7007903635479,4.0,6460.0
0,6939.0,1511.4615384615386,938.0,1686.7007903635479,8.0,6464.0
0,6956.0,1471.962962962963,901.0,1680.0550582133483,1.0,6481.0
0,6960.0,1475.962962962963,905.0,1680.0550582133483,5.0,6485.0
0,6964.0,1461.0740740740741,877.0,1683.856726682681,9.0,6489.0
0,6979.0,1367.52,835.0,1669.230747859624,6.0,6504.0
0,7001.0,1389.52,857.0,1669.230747859624,28.0,6526.0
0,7003.0,1391.52,859.0,1669.230747859624,30.0,6528.0
0,7009.0,1436.125,909.5,1692.6812387575123,36.0,6534.0
0,7011.0,1438.125,911.5,1692.6812387575123,38.0,6536.0
0,7012.0,1439.125,912.5,1692.6812387575123,39.0,6537.0
0,7025.0,1351.52,866.0,1703.4666564391564,5.0,6550.0
0,7045.0,1371.52,886.0,1703.4666564391564,4.0,6570.0
0,7104.0,1337.8076923076924,841.5,1710.5308671968291,26.0,6629.0
0,7113.0,1346.8076923076924,850.5,1710.5308671968291,35.0,6638.0
0,7117.0,1350.8076923076924,854.5,1710.5308671968291,39.0,6642.0
0,7167.0,1312.9259259259259,758.0,1716.3229413363547,5.0,6692.0
0,7183.0,1312.5185185185185,774.0,1726.6660954604454,6.0,6708.0
0,7201.0,1330.5185185185185,792.0,1726.6660954604454,6.0,6726.0
0,7213.0,1371.576923076923,871.5,1753.0674692592831,18.0,6738.0
0,7243.0,1262.2592592592594,605.0,1745.503208620126,1.0,6768.0
0,7247.0,1266.2592592592594,609.0,1745.503208620126,5.0,6772.0
0,7249.0,1258.148148148148,611.0,1745.2639767159858,7.0,6774.0
0,7257.0,1269.6153846153845,510.5,1778.4188326653252,15.0,6782.0
0,7276.0,1288.6153846153845,529.5,1778.4188326653252,3.0,6801.0
0,7281.0,1332.68,643.0,1802.6667294871784,8.0,6806.0
0,7285.0,1274.2307692307693,538.5,1792.6985526272165,1.0,6810.0
0,7315.0,1208.0,411.0,1761.8112636066976,1.0,6840.0
0,7330.0,1261.111111111111,475.0,1782.7709670587678,1.0,6855.0
0,7334.0,1265.111111111111,479.0,1782.7709670587678,1.0,6859.0
0,7370.0,1301.111111111111,515.0,1782.7709670587678,7.0,6895.0
0,7388.0,1326.1153846153845,484.0,1816.366964086512,25.0,6913.0
0,7419.0,1307.0,466.0,1800.637973361417,4.0,6944.0
0,7441.0,1357.576923076923,457.0,1828.920870834807,2.0,6966.0
0,7448.0,1305.6296296296296,433.0,1818.6600307012393,2.0,6973.0
0,7449.0,1306.6296296296296,434.0,1818.6600307012393,3.0,6974.0
0,7451.0,1308.6296296296296,436.0,1818.6600307012393,5.0,6976.0
0,7453.0,1300.0384615384614,435.5,1852.4870077561475,7.0,6978.0
0,7454.0,1301.0384615384614,436.5,1852.4870077561475,8.0,6979.0
0,7469.0,1316.0384615384614,451.5,1852.4870077561475,23.0,6994.0
0,7486.0,1333.0384615384614,468.5,1852.4870077561475,40.0,7011.0
0,7501.0,1098.1923076923076,460.5,1553.3490127223322,2.0,7026.0
0,7518.0,1115.1923076923076,477.5,1553.3490127223322,2.0,7043.0
0,7519.0,1074.888888888889,458.0,1538.7923916797088,1.0,7044.0
0,7520.0,1075.888888888889,459.0,1538.7923916797088,2.0,7045.0
0,7522.0,1077.888888888889,461.0,1538.7923916797088,4.0,7047.0
0,7529.0,1066.037037037037,451.0,1548.7565497779535,5.0,7054.0
0,7534.0,1071.037037037037,456.0,1548.7565497779535,10.0,7059.0
0,7554.0,1077.5185185185185,476.0,1556.4342289079625,12.0,7079.0
0,7556.0,1079.5185185185185,478.0,1556.4342289079625,14.0,7081.0
0,7571.0,1120.8846153846155,501.5,1580.1552096823877,29.0,7096.0
0,7595.0,1170.0,534.0,1606.3516925007425,9.0,7120.0
0,7609.0,1257.6521739130435,548.0,1652.6993889759144,2.0,7134.0
0,7617.0,1265.6521739130435,556.0,1652.6993889759144,10.0,7142.0
0,7628.0,1276.6521739130435,567.0,1652.6993889759144,21.0,7153.0
0,7632.0,1227.375,480.5,1637.953240391292,2.0,7157.0
0,7645.0,1250.5217391304348,403.0,1672.443509660542,2.0,7170.0
0,7666.0,1219.3333333333333,403.0,1656.2506771487085,12.0,7191.0
0,7709.0,1166.6923076923076,423.0,1625.404464912107,3.0,7234.0
0,7715.0,1193.44,427.0,1654.2143532202833,9.0,7240.0
0,7716.0,1194.44,428.0,1654.2143532202833,10.0,7241.0
0,7720.0,1235.6666666666667,434.0,1678.0337369141962,14.0,7245.0
0,7724.0,1239.6666666666667,438.0,1678.0337369141962,18.0,7249.0
0,7731.0,1297.2173913043478,447.0,1696.1409641100956,25.0,7256.0
0,7770.0,1336.2173913043478,486.0,1696.1409641100956,24.0,7295.0
0,7777.0,1343.2173913043478,493.0,1696.1409641100956,5.0,7302.0
0,7783.0,1395.2272727272727,520.0,1720.1666127500075,1.0,7308.0
0,7784.0,1396.2272727272727,521.0,1720.1666127500075,2.0,7309.0
0,7785.0,1397.2272727272727,522.0,1720.1666127500075,3.0,7310.0
0,7795.0,1385.5454545454545,532.0,1734.5872898518837,9.0,7320.0
0,7813.0,1403.5454545454545,550.0,1734.5872898518837,12.0,7338.0
0,7816.0,1406.5454545454545,553.0,1734.5872898518837,2.0,7341.0
0,7825.0,1354.0434782608695,541.0,1720.8110948609665,1.0,7350.0
0,7828.0,1357.0434782608695,544.0,1720.8110948609665,4.0,7353.0
0,7840.0,1131.904761904762,556.0,1194.0850214908287,5.0,4719.0
0,7844.0,1135.904761904762,560.0,1194.0850214908287,9.0,4723.0
0,7883.0,1074.7391304347825,595.0,1186.2633411497488,1.0,4762.0
0,7887.0,1078.7391304347825,599.0,1186.2633411497488,5.0,4766.0
0,7912.0,1103.7391304347825,624.0,1186.2633411497488,7.0,4791.0
0,7919.0,1110.7391304347825,631.0,1186.2633411497488,14.0,4798.0
0,7926.0,1071.4166666666667,625.0,1182.3448071757896,6.0,4805.0
0,7959.0,1060.36,645.0,1178.391034589113,3.0,4838.0
0,7981.0,1082.36,667.0,1178.391034589113,25.0,4860.0
0,8000.0,1117.4166666666667,620.0,1200.0077401370745,9.0,4879.0
0,8009.0,1126.4166666666667,629.0,1200.0077401370745,8.0,4888.0
0,8021.0,1095.2608695652175,575.0,1207.447693255103,1.0,4900.0
0,8023.0,1097.2608695652175,577.0,1207.447693255103,1.0,4902.0
0,8026.0,1100.2608695652175,580.0,1207.447693255103,4.0,4905.0
0,8028.0,1102.2608695652175,582.0,1207.447693255103,6.0,4907.0
0,8030.0,1146.0454545454545,650.0,1218.2128668024218,8.0,4909.0
0,8042.0,1248.7,741.0,1241.5039709964683,20.0,4921.0
0,8087.0,1332.6842105263158,799.0,1261.7683936540716,10.0,4966.0
0,8098.0,1343.6842105263158,810.0,1261.7683936540716,21.0,4977.0
0,8100.0,1345.6842105263158,812.0,1261.7683936540716,23.0,4979.0
0,8108.0,1353.6842105263158,820.0,1261.7683936540716,6.0,4987.0
0,8110.0,1355.6842105263158,822.0,1261.7683936540716,8.0,4989.0
0,8113.0,1358.6842105263158,825.0,1261.7683936540716,3.0,4992.0
0,8138.0,1253.142857142857,824.0,1265.8302483694545,6.0,5017.0
0,8144.0,1296.4,843.0,1285.8042385993288,6.0,5023.0
0,8155.0,1307.4,854.0,1285.8042385993288,5.0,5034.0
0,8162.0,1314.4,861.0,1285.8042385993288,12.0,5041.0
0,8173.0,1262.3809523809523,859.0,1286.0763317415335,2.0,5052.0
0,8190.0,1222.0,810.0,1283.726960490785,4.0,5069.0
0,8197.0,1229.0,817.0,1283.726960490785,11.0,5076.0
0,8198.0,1230.0,818.0,1283.726960490785,1.0,5077.0
0,8219.0,1147.9166666666667,737.0,1275.7405665163885,6.0,5098.0
0,8245.0,1084.6538461538462,649.0,1264.097821869193,3.0,5124.0
0,8251.0,1090.6538461538462,655.0,1264.097821869193,1.0,5130.0
0,8265.0,1104.6538461538462,669.0,1264.097821869193,15.0,5144.0
0,8267.0,1106.6538461538462,671.0,1264.097821869193,17.0,5146.0
0,8272.0,1153.56,754.0,1271.2992434513596,22.0,5151.0
0,8275.0,1156.56,757.0,1271.2992434513596,25.0,5154.0
0,8290.0,1126.576923076923,694.0,1266.7387616382023,2.0,5169.0
0,8297.0,1133.576923076923,701.0,1266.7387616382023,9.0,5176.0
0,8300.0,1136.576923076923,704.0,1266.7387616382023,12.0,5179.0
0,8309.0,1143.52,791.0,1264.0042759421347,21.0,5188.0
0,8321.0,1162.5,725.0,1289.5968039145673,33.0,5200.0
0,8326.0,1167.5,730.0,1289.5968039145673,38.0,5205.0
0,8332.0,1126.76,658.0,1284.1217163493498,5.0,5211.0
0,8353.0,1132.36,679.0,1295.2929515750482,5.0,5232.0
0,8370.0,1065.111111111111,584.0,1281.4940451107532,7.0,5249.0
0,8375.0,1070.111111111111,589.0,1281.4940451107532,12.0,5254.0
0,8383.0,1056.2592592592594,559.0,1294.4761157573043,1.0,5262.0
0,8386.0,1059.2592592592594,562.0,1294.4761157573043,4.0,5265.0
0,8387.0,1060.2592592592594,563.0,1294.4761157573043,5.0,5266.0
0,8409.0,1051.0740740740741,489.0,1313.952333706886,5.0,5288.0
0,8435.0,1083.2307692307693,410.5,1338.6000237818014,12.0,5314.0
0,8441.0,1111.96,312.0,1360.1808550336236,18.0,5320.0
0,8451.0,1121.96,322.0,1360.1808550336236,28.0,5330.0
0,8485.0,1189.2916666666667,561.5,1378.1887110493576,8.0,5364.0
0,8496.0,1152.44,323.0,1370.5410341905126,3.0,5375.0
0,8509.0,1155.28,336.0,1378.0843376223388,13.0,5388.0
0,8510.0,1156.28,337.0,1378.0843376223388,14.0,5389.0
0,8513.0,1159.28,340.0,1378.0843376223388,2.0,5392.0
0,8517.0,1203.8333333333333,593.5,1391.8088849487285,6.0,5396.0
0,8530.0,1216.8333333333333,606.5,1391.8088849487285,12.0,5409.0
0,8538.0,1224.8333333333333,614.5,1391.8088849487285,20.0,5417.0
0,8591.0,1182.1923076923076,403.5,1377.643752634039,1.0,5470.0
0,8594.0,1185.1923076923076,406.5,1377.643752634039,4.0,5473.0
0,8601.0,1192.1923076923076,413.5,1377.643752634039,2.0,5480.0
0,8605.0,1177.96,403.0,1401.847195096527,4.0,5484.0
0,8612.0,1184.96,410.0,1401.847195096527,11.0,5491.0
0,8623.0,1195.96,421.0,1401.847195096527,22.0,5502.0
0,8627.0,1164.64,425.0,1409.656153251565,26.0,5506.0
0,8630.0,1198.25,418.5,1430.5604743712631,2.0,5509.0
0,8644.0,1253.304347826087,442.0,1447.422069233033,4.0,5523.0
0,8657.0,1213.9166666666667,445.5,1439.0484679313467,9.0,5536.0
0,8660.0,1216.9166666666667,448.5,1439.0484679313467,12.0,5539.0
0,8665.0,1221.9166666666667,453.5,1439.0484679313467,17.0,5544.0
0,8669.0,1225.9166666666667,457.5,1439.0484679313467,21.0,5548.0
0,8682.0,1324.0,494.5,1473.842041616524,34.0,5561.0
0,8683.0,1325.0,495.5,1473.842041616524,35.0,5562.0
0,8694.0,1336.0,506.5,1473.842041616524,11.0,5573.0
0,8708.0,1390.1904761904761,535.0,1496.7006768555207,25.0,5587.0
0,8711.0,1329.909090909091,514.0,1490.7665175732095,1.0,5590.0
0,8728.0,1330.3181818181818,531.0,1503.5228143615864,5.0,5607.0
0,8740.0,1342.3181818181818,543.0,1503.5228143615864,10.0,5619.0
0,8748.0,1350.3181818181818,551.0,1503.5228143615864,18.0,5627.0
0,8756.0,1299.5217391304348,535.0,1496.11136151329,6.0,5635.0
0,8761.0,1286.0869565217392,540.0,1477.7289541738635,3.0,5640.0
0,8777.0,1242.1818181818182,522.5,1486.360369748982,11.0,5656.0
0,8781.0,1246.1818181818182,526.5,1486.360369748982,15.0,5660.0
0,8788.0,1232.9545454545455,533.5,1500.1576122428764,2.0,5667.0
0,8802.0,1143.8333333333333,464.5,1476.451254039752,6.0,5681.0
0,8812.0,1054.0,372.5,1469.6003992015426,7.0,5691.0
0,8815.0,1057.0,375.5,1469.6003992015426,10.0,5694.0
0,8824.0,1089.0434782608695,332.0,1496.9577112978138,19.0,5703.0
0,8839.0,1058.3333333333333,345.0,1481.7452172654007,7.0,5718.0
0,8847.0,1023.8,351.0,1466.6847514036547,3.0,5726.0
0,8858.0,1034.8,362.0,1466.6847514036547,6.0,5737.0
0,8887.0,977.0384615384615,330.5,1464.715159517614,2.0,5766.0
0,8892.0,1008.44,349.0,1487.6434540574564,1.0,5771.0
0,8898.0,975.4615384615385,302.5,1471.7158283071976,1.0,5777.0
0,8906.0,983.4615384615385,310.5,1471.7158283071976,9.0,5785.0
0,8907.0,984.4615384615385,311.5,1471.7158283071976,10.0,5786.0
0,8909.0,986.4615384615385,313.5,1471.7158283071976,12.0,5788.0
0,8912.0,1022.56,369.0,1491.342404144669,3.0,5791.0
0,8921.0,1043.375,325.5,1520.9481366486498,12.0,5800.0
0,8922.0,1044.375,326.5,1520.9481366486498,13.0,5801.0
0,8958.0,1120.695652173913,415.0,1541.0524476807516,12.0,5837.0
0,8977.0,1082.904761904762,434.0,1527.6256679585792,2.0,5856.0
0,8982.0,1120.35,410.0,1558.2732839588823,7.0,5861.0
0,8993.0,1131.35,421.0,1558.2732839588823,9.0,5872.0
0,8995.0,1133.35,423.0,1558.2732839588823,11.0,5874.0
0,9009.0,1147.35,437.0,1558.2732839588823,4.0,5888.0
0,9012.0,1150.35,440.0,1558.2732839588823,1.0,5891.0
0,9013.0,1151.35,441.0,1558.2732839588823,2.0,5892.0
0,9016.0,1154.35,444.0,1558.2732839588823,5.0,5895.0
0,9044.0,1235.3157894736842,548.0,1581.1100382037255,7.0,5923.0
0,9047.0,1238.3157894736842,551.0,1581.1100382037255,10.0,5926.0
0,9065.0,1338.235294117647,569.0,1649.4769769772038,14.0,5944.0
0,9067.0,1340.235294117647,571.0,1649.4769769772038,16.0,5946.0
0,9072.0,1373.125,393.0,1698.8936795382458,21.0,5951.0
0,9109.0,1235.6666666666667,373.5,1672.562438628559,20.0,5988.0
0,9116.0,1242.6666666666667,380.5,1672.562438628559,6.0,5995.0
0,9121.0,1247.6666666666667,385.5,1672.562438628559,11.0,6000.0
0,9138.0,1336.0,428.0,1694.2343056239126,10.0,6017.0
0,9143.0,1341.0,433.0,1694.2343056239126,15.0,6022.0
0,9145.0,1343.0,435.0,1694.2343056239126,17.0,6024.0
0,9149.0,1347.0,439.0,1694.2343056239126,21.0,6028.0
0,9156.0,1279.0555555555557,420.5,1675.2447407343277,5.0,6035.0
0,9165.0,1220.578947368421,404.0,1655.503844939485,6.0,6044.0
0,9195.0,1188.4,421.5,1636.189640597935,7.0,6074.0
0,9207.0,1234.157894736842,421.0,1671.8927900391946,5.0,6086.0
0,9209.0,1236.157894736842,423.0,1671.8927900391946,7.0,6088.0
0,9213.0,1240.157894736842,427.0,1671.8927900391946,11.0,6092.0
0,9248.0,1154.857142857143,416.0,1632.9424299686243,9.0,6127.0
0,9250.0,1156.857142857143,418.0,1632.9424299686243,11.0,6129.0
0,9251.0,1157.857142857143,419.0,1632.9424299686243,12.0,6130.0
0,9253.0,1159.857142857143,421.0,1632.9424299686243,14.0,6132.0
0,9256.0,1162.857142857143,424.0,1632.9424299686243,17.0,6135.0
0,9269.0,1122.909090909091,431.0,1613.7440348200687,11.0,6148.0
0,9275.0,1155.7619047619048,431.0,1646.9105247839034,17.0,6154.0
0,9309.0,1067.1739130434783,412.0,1618.7038468068508,1.0,6188.0
0,9333.0,1091.1739130434783,436.0,1618.7038468068508,4.0,6212.0
0,9334.0,1092.1739130434783,437.0,1618.7038468068508,5.0,6213.0
0,9341.0,1099.1739130434783,444.0,1618.7038468068508,12.0,6220.0
0,9348.0,1106.1739130434783,451.0,1618.7038468068508,19.0,6227.0
0,9352.0,1110.1739130434783,455.0,1618.7038468068508,23.0,6231.0
0,9377.0,1135.1739130434783,480.0,1618.7038468068508,10.0,6256.0
0,9379.0,1137.1739130434783,482.0,1618.7038468068508,12.0,6258.0
0,9393.0,1103.4166666666667,407.5,1601.0885077728287,5.0,6272.0
0,9416.0,1126.4166666666667,430.5,1601.0885077728287,12.0,6295.0
0,9419.0,1129.4166666666667,433.5,1601.0885077728287,1.0,6298.0
0,9429.0,1139.4166666666667,443.5,1601.0885077728287,8.0,6308.0
0,9433.0,1165.0,359.0,1632.1029645694912,1.0,6312.0
0,9439.0,1171.0,365.0,1632.1029645694912,7.0,6318.0
0,9444.0,1127.0833333333333,363.0,1614.8700906643305,2.0,6323.0
0,9461.0,1144.0833333333333,380.0,1614.8700906643305,4.0,6340.0
0,9467.0,1150.0833333333333,386.0,1614.8700906643305,1.0,6346.0
0,9473.0,1110.0,385.0,1598.2682378124143,4.0,6352.0
0,9492.0,1129.0,404.0,1598.2682378124143,2.0,6371.0
0,9501.0,1138.0,413.0,1598.2682378124143,1.0,6380.0
0,9503.0,1096.2307692307693,383.5,1582.436881903067,2.0,6382.0
0,9505.0,1098.2307692307693,385.5,1582.436881903067,2.0,6384.0
0,9531.0,1124.2307692307693,411.5,1582.436881903067,3.0,6410.0
0,9541.0,1134.2307692307693,421.5,1582.436881903067,3.0,6420.0
0,9573.0,1183.72,422.0,1611.309418330322,5.0,6452.0
0,9582.0,1234.3333333333333,462.5,1631.3203922657938,5.0,6461.0
0,9584.0,1236.3333333333333,464.5,1631.3203922657938,7.0,6463.0
0,9593.0,1283.8260869565217,505.0,1655.7023375666954,16.0,6472.0
0,9594.0,1284.8260869565217,506.0,1655.7023375666954,17.0,6473.0
0,9604.0,1294.8260869565217,516.0,1655.7023375666954,27.0,6483.0
0,9611.0,1301.8260869565217,523.0,1655.7023375666954,34.0,6490.0
0,9616.0,1306.8260869565217,528.0,1655.7023375666954,39.0,6495.0
0,9618.0,1308.8260869565217,530.0,1655.7023375666954,41.0,6497.0
0,9641.0,1316.1739130434783,553.0,1666.425689447299,2.0,6520.0
0,9650.0,1325.1739130434783,562.0,1666.425689447299,1.0,6529.0
0,9662.0,1337.1739130434783,574.0,1666.425689447299,13.0,6541.0
0,9674.0,1387.090909090909,593.0,1694.1468732371388,2.0,6553.0
0,9681.0,1394.090909090909,600.0,1694.1468732371388,1.0,6560.0
0,9689.0,1402.090909090909,608.0,1694.1468732371388,7.0,6568.0
0,9698.0,1411.090909090909,617.0,1694.1468732371388,2.0,6577.0
0,9706.0,1357.5652173913043,618.0,1681.8514339104663,4.0,6585.0
0,9707.0,1358.5652173913043,619.0,1681.8514339104663,5.0,6586.0
0,9720.0,1371.5652173913043,632.0,1681.8514339104663,2.0,6599.0
0,9735.0,1386.5652173913043,647.0,1681.8514339104663,17.0,6614.0
0,9794.0,1333.2,643.0,1657.576109866452,17.0,6673.0
0,9807.0,1326.64,656.0,1670.2943663917447,8.0,6686.0
0,9811.0,1330.64,660.0,1670.2943663917447,12.0,6690.0
0,9816.0,1284.3846153846155,646.5,1657.7870577954463,2.0,6695.0
0,9817.0,1285.3846153846155,647.5,1657.7870577954463,3.0,6696.0
0,9818.0,1286.3846153846155,648.5,1657.7870577954463,4.0,6697.0
0,9826.0,1246.6666666666667,638.0,1644.8929043152527,6.0,6705.0
0,9827.0,1247.6666666666667,639.0,1644.8929043152527,1.0,6706.0
0,9844.0,1264.6666666666667,656.0,1644.8929043152527,4.0,6723.0
0,9846.0,1266.6666666666667,658.0,1644.8929043152527,6.0,6725.0
0,9850.0,1270.6666666666667,662.0,1644.8929043152527,10.0,6729.0
0,9866.0,1286.6666666666667,678.0,1644.8929043152527,7.0,6745.0
0,9876.0,1296.6666666666667,688.0,1644.8929043152527,17.0,6755.0
0,9879.0,1299.6666666666667,691.0,1644.8929043152527,20.0,6758.0
0,9899.0,1319.6666666666667,711.0,1644.8929043152527,5.0,6778.0
0,9917.0,1261.2857142857142,668.5,1648.974310142582,13.0,6796.0
0,9918.0,1262.2857142857142,669.5,1648.974310142582,1.0,6797.0
0,9919.0,1263.2857142857142,670.5,1648.974310142582,2.0,6798.0
0,9924.0,1210.1379310344828,666.0,1645.5490798145397,2.0,6803.0
0,9927.0,1213.1379310344828,669.0,1645.5490798145397,5.0,6806.0
0,9934.0,1247.107142857143,685.5,1668.3666379187787,1.0,6813.0
0,9944.0,1259.851851851852,686.0,1698.9193450588195,1.0,6823.0
0,9957.0,1272.851851851852,699.0,1698.9193450588195,14.0,6836.0
0,9971.0,1319.8,713.0,1760.4022494873154,3.0,6850.0
0,9977.0,1325.8,719.0,1760.4022494873154,3.0,6856.0
0,9982.0,1330.8,724.0,1760.4022494873154,8.0,6861.0
0,9993.0,1290.3846153846155,643.0,1745.2540497660657,5.0,6872.0
0,9998.0,1247.5925925925926,556.0,1729.880391053826,5.0,6877.0
0,10006.0,1255.5925925925926,564.0,1729.880391053826,5.0,6885.0
0,10021.0,1270.5925925925926,579.0,1729.880391053826,5.0,6900.0
0,10032.0,1281.5925925925926,590.0,1729.880391053826,1.0,6911.0
0,10044.0,1293.5925925925926,602.0,1729.880391053826,3.0,6923.0
0,10053.0,1302.5925925925926,611.0,1729.880391053826,1.0,6932.0
0,10054.0,1257.0714285714287,515.5,1715.8221254916057,1.0,6933.0
0,10068.0,1271.0714285714287,529.5,1715.8221254916057,15.0,6947.0
0,10077.0,1280.0714285714287,538.5,1715.8221254916057,9.0,6956.0
0,10092.0,1318.962962962963,457.0,1742.7282459893163,7.0,6971.0
0,10107.0,1333.962962962963,472.0,1742.7282459893163,2.0,6986.0
0,10109.0,1335.962962962963,474.0,1742.7282459893163,2.0,6988.0
0,10111.0,1337.962962962963,476.0,1742.7282459893163,4.0,6990.0
0,10117.0,1382.3461538461538,670.5,1764.6912116529638,5.0,6996.0
0,10120.0,1385.3461538461538,673.5,1764.6912116529638,8.0,6999.0
0,10160.0,1445.52,525.0,1796.6966604299125,1.0,7039.0
0,10162.0,1447.52,527.0,1796.6966604299125,3.0,7041.0
0,10167.0,1452.52,532.0,1796.6966604299125,8.0,7046.0
0,10170.0,1455.52,535.0,1796.6966604299125,11.0,7049.0
0,10180.0,1409.423076923077,511.5,1783.9932988205662,7.0,7059.0
0,10222.0,1399.0,520.0,1770.9346350109824,9.0,7101.0
0,10229.0,1406.0,527.0,1770.9346350109824,3.0,7108.0
0,10230.0,1407.0,528.0,1770.9346350109824,4.0,7109.0
0,10235.0,1412.0,533.0,1770.9346350109824,9.0,7114.0
0,10237.0,1414.0,535.0,1770.9346350109824,11.0,7116.0
0,10269.0,1477.2307692307693,550.5,1797.358666909527,11.0,7148.0
0,10280.0,1488.2307692307693,561.5,1797.358666909527,1.0,7159.0
0,10281.0,1489.2307692307693,562.5,1797.358666909527,2.0,7160.0
0,10291.0,1481.2692307692307,572.5,1809.8344709199728,4.0,7170.0
0,10296.0,1431.2962962962963,561.0,1797.9873689420544,2.0,7175.0
0,10304.0,1388.1785714285713,538.0,1785.4563853050377,1.0,7183.0
0,10311.0,1441.7407407407406,576.0,1801.4489146361868,5.0,7190.0
0,10321.0,1459.6153846153845,555.0,1835.3092398604545,8.0,7200.0
0,10329.0,1509.32,594.0,1859.535764001328,7.0,7208.0
0,10332.0,1512.32,597.0,1859.535764001328,10.0,7211.0
0,10356.0,1420.24,559.0,1860.7389130127847,8.0,7235.0
0,10360.0,1424.24,563.0,1860.7389130127847,12.0,7239.0
0,10372.0,1436.24,575.0,1860.7389130127847,3.0,7251.0
0,10392.0,1456.24,595.0,1860.7389130127847,1.0,7271.0
0,10400.0,1500.125,626.0,1890.6137961100533,9.0,7279.0
0,10429.0,1501.2916666666667,571.5,1907.5447893205255,5.0,7308.0
0,10442.0,1514.2916666666667,584.5,1907.5447893205255,5.0,7321.0
0,10452.0,1524.2916666666667,594.5,1907.5447893205255,5.0,7331.0
0,10453.0,1525.2916666666667,595.5,1907.5447893205255,6.0,7332.0
0,10457.0,1572.4782608695652,644.0,1937.052060299366,3.0,7336.0
0,10470.0,1585.4782608695652,657.0,1937.052060299366,8.0,7349.0
0,10493.0,1481.4,591.0,1907.2781443722356,17.0,7372.0
0,10496.0,1484.4,594.0,1907.2781443722356,20.0,7375.0
0,10499.0,1487.4,597.0,1907.2781443722356,23.0,7378.0
0,10504.0,1492.4,602.0,1907.2781443722356,28.0,7383.0
0,10512.0,1500.4,610.0,1907.2781443722356,8.0,7391.0
0,10515.0,1445.6538461538462,603.0,1892.3962209591816,2.0,7394.0
0,10531.0,1465.8,609.0,1938.7277890410505,9.0,7410.0
0,10550.0,1484.8,628.0,1938.7277890410505,3.0,7429.0
0,10553.0,1487.8,631.0,1938.7277890410505,6.0,7432.0
0,10598.0,1420.8148148148148,610.0,1907.0981259501946,5.0,7477.0
0,10601.0,1423.8148148148148,613.0,1907.0981259501946,8.0,7480.0
0,10604.0,1426.8148148148148,616.0,1907.0981259501946,11.0,7483.0
0,10618.0,1440.8148148148148,630.0,1907.0981259501946,11.0,7497.0
0,10619.0,1441.8148148148148,631.0,1907.0981259501946,1.0,7498.0
0,10628.0,1420.962962962963,575.0,1923.0582988694023,9.0,7507.0
0,10631.0,1423.962962962963,578.0,1923.0582988694023,12.0,7510.0
0,10651.0,1382.851851851852,465.0,1938.3907167144396,3.0,7530.0
0,10663.0,1390.7037037037037,477.0,1941.2407604380971,1.0,7542.0
0,10672.0,1350.0,435.5,1923.6766323148718,5.0,7551.0
0,10676.0,1354.0,439.5,1923.6766323148718,9.0,7555.0
0,10686.0,1341.642857142857,395.5,1935.642957304695,7.0,7565.0
0,10695.0,1350.642857142857,404.5,1935.642957304695,3.0,7574.0
0,10705.0,1382.037037037037,411.0,1967.9087693676715,3.0,7584.0
0,10719.0,1396.037037037037,425.0,1967.9087693676715,9.0,7598.0
0,10720.0,1397.037037037037,426.0,1967.9087693676715,10.0,7599.0
0,10734.0,1354.2592592592594,438.0,1985.2344313958117,13.0,7613.0
0,10784.0,1355.5357142857142,462.0,1965.8325841038677,23.0,7663.0
0,10792.0,1363.5357142857142,470.0,1965.8325841038677,3.0,7671.0
0,10803.0,1339.851851851852,455.0,1993.4753889126082,4.0,7682.0
0,10820.0,1356.851851851852,472.0,1993.4753889126082,3.0,7699.0
0,10845.0,1381.851851851852,497.0,1993.4753889126082,2.0,7724.0
0,10857.0,1361.7037037037037,454.0,2008.6217278377326,1.0,7736.0
0,10879.0,1410.2692307692307,442.5,2042.2247777606187,14.0,7758.0
0,10884.0,1415.2692307692307,447.5,2042.2247777606187,19.0,7763.0
0,10906.0,1384.7407407407406,436.0,2021.8686002033714,1.0,7785.0
0,10911.0,1419.1923076923076,438.0,2054.692659391232,3.0,7790.0
0,10914.0,1422.1923076923076,441.0,2054.692659391232,1.0,7793.0
0,10915.0,1423.1923076923076,442.0,2054.692659391232,2.0,7794.0
0,10918.0,1426.1923076923076,445.0,2054.692659391232,5.0,7797.0
0,10933.0,1441.1923076923076,460.0,2054.692659391232,4.0,7812.0
0,10972.0,1480.1923076923076,499.0,2054.692659391232,9.0,7851.0
0,10993.0,1435.2692307692307,498.5,2073.54324318567,7.0,7872.0
0,11001.0,1479.76,488.0,2106.405436377337,4.0,7880.0
0,11036.0,1486.28,514.0,2121.4478173172206,1.0,7915.0
0,11051.0,1501.28,529.0,2121.4478173172206,1.0,7930.0
0,11057.0,1507.28,535.0,2121.4478173172206,7.0,7936.0
0,11067.0,1459.0,525.5,2100.5611338218837,2.0,7946.0
0,11079.0,1471.0,537.5,2100.5611338218837,8.0,7958.0
0,11087.0,1479.0,545.5,2100.5611338218837,3.0,7966.0
0,11089.0,1481.0,547.5,2100.5611338218837,5.0,7968.0
0,11101.0,1529.2,540.0,2134.1930371922786,17.0,7980.0
0,11144.0,1484.9615384615386,538.0,2128.4179296219277,3.0,8023.0
0,11151.0,1436.7407407407406,532.0,2107.5250465115532,1.0,8030.0
0,11152.0,1437.7407407407406,533.0,2107.5250465115532,1.0,8031.0
0,11174.0,1523.2,555.0,2176.9204487073016,1.0,8053.0
0,11177.0,1526.2,558.0,2176.9204487073016,2.0,8056.0
0,11183.0,1532.2,564.0,2176.9204487073016,8.0,8062.0
0,11188.0,1537.2,569.0,2176.9204487073016,13.0,8067.0
0,11197.0,1487.0384615384614,558.0,2155.044377211634,8.0,8076.0
0,11199.0,1489.0384615384614,560.0,2155.044377211634,10.0,8078.0
0,11222.0,1550.8,603.0,2188.8172696687134,3.0,8101.0
0,11228.0,1592.25,589.0,2226.9093352671543,3.0,8107.0
0,11233.0,1597.25,594.0,2226.9093352671543,8.0,8112.0
0,11235.0,1599.25,596.0,2226.9093352671543,2.0,8114.0
0,11252.0,1616.25,613.0,2226.9093352671543,11.0,8131.0
0,11263.0,1627.25,624.0,2226.9093352671543,3.0,8142.0
0,11269.0,1633.25,630.0,2226.9093352671543,9.0,8148.0
0,11273.0,1681.7391304347825,654.0,2264.3401998469053,2.0,8152.0
0,11283.0,1691.7391304347825,664.0,2264.3401998469053,7.0,8162.0
0,11287.0,1695.7391304347825,668.0,2264.3401998469053,11.0,8166.0
0,11298.0,1750.8181818181818,656.5,2305.55949897325,2.0,8177.0
0,11305.0,1808.857142857143,641.0,2347.6411927865015,9.0,8184.0
0,11329.0,1750.590909090909,625.0,2324.4402583122696,1.0,8208.0
0,11330.0,1751.590909090909,626.0,2324.4402583122696,2.0,8209.0
0,11359.0,1704.1739130434783,615.0,2301.4297191882592,15.0,8238.0
0,11361.0,1706.1739130434783,617.0,2301.4297191882592,17.0,8240.0
0,11365.0,1752.8181818181818,565.0,2344.249572432773,21.0,8244.0
0,11366.0,1753.8181818181818,566.0,2344.249572432773,22.0,8245.0
0,11375.0,1762.8181818181818,575.0,2344.249572432773,31.0,8254.0
0,11379.0,1766.8181818181818,579.0,2344.249572432773,35.0,8258.0
0,11386.0,1749.7727272727273,570.5,2359.547470708934,1.0,8265.0
0,11388.0,1751.7727272727273,572.5,2359.547470708934,1.0,8267.0
0,11410.0,1807.6666666666667,523.0,2409.83568563212,5.0,8289.0
0,11411.0,1808.6666666666667,524.0,2409.83568563212,1.0,8290.0
0,11417.0,1814.6666666666667,530.0,2409.83568563212,7.0,8296.0
0,11431.0,1828.6666666666667,544.0,2409.83568563212,1.0,8310.0
0,11467.0,1781.5,537.5,2385.0765329820797,4.0,8346.0
0,11470.0,1706.9565217391305,498.0,2360.835840899332,1.0,8349.0
0,11473.0,1709.9565217391305,501.0,2360.835840899332,3.0,8352.0
0,11485.0,1762.909090909091,495.0,2405.891781536071,1.0,8364.0
0,11502.0,1779.909090909091,512.0,2405.891781536071,7.0,8381.0
0,11506.0,1783.909090909091,516.0,2405.891781536071,11.0,8385.0
0,11512.0,1857.904761904762,540.0,2441.768677955386,6.0,8391.0
0,11520.0,1865.904761904762,548.0,2441.768677955386,14.0,8399.0
0,11581.0,1623.08,516.0,2343.697436445242,7.0,8460.0
0,11582.0,1624.08,517.0,2343.697436445242,8.0,8461.0
0,11605.0,1584.1923076923076,518.5,2319.5954723454356,4.0,8484.0
0,11608.0,1587.1923076923076,521.5,2319.5954723454356,7.0,8487.0
0,11636.0,1615.1923076923076,549.5,2319.5954723454356,17.0,8515.0
0,11661.0,1640.1923076923076,574.5,2319.5954723454356,5.0,8540.0
0,11667.0,1646.1923076923076,580.5,2319.5954723454356,11.0,8546.0
0,11671.0,1650.1923076923076,584.5,2319.5954723454356,15.0,8550.0
0,11675.0,1644.4615384615386,553.5,2324.0916543354047,19.0,8554.0
0,11702.0,1719.24,594.0,2357.563526694456,7.0,8581.0
0,11716.0,1733.24,608.0,2357.563526694456,21.0,8595.0
0,11719.0,1736.24,611.0,2357.563526694456,24.0,8598.0
0,11720.0,1737.24,612.0,2357.563526694456,1.0,8599.0
0,11746.0,1868.0869565217392,638.0,2429.813285241114,17.0,8625.0
0,11748.0,1870.0869565217392,640.0,2429.813285241114,19.0,8627.0
0,11756.0,1878.0869565217392,648.0,2429.813285241114,6.0,8635.0
0,11757.0,1879.0869565217392,649.0,2429.813285241114,7.0,8636.0
0,11774.0,1941.9545454545455,652.5,2474.665165179335,24.0,8653.0
0,11795.0,1962.9545454545455,673.5,2474.665165179335,6.0,8674.0
0,11802.0,1884.608695652174,667.0,2453.1519164417386,5.0,8681.0
0,11813.0,1895.608695652174,678.0,2453.1519164417386,3.0,8692.0
0,11829.0,1911.608695652174,694.0,2453.1519164417386,7.0,8708.0
0,11835.0,1972.9545454545455,686.5,2494.202267756033,3.0,8714.0
0,11865.0,1917.1739130434783,676.0,2472.336487795439,5.0,8744.0
0,11874.0,1926.1739130434783,685.0,2472.336487795439,14.0,8753.0
0,11881.0,1933.1739130434783,692.0,2472.336487795439,21.0,8760.0
0,11894.0,1998.909090909091,646.5,2515.21833335852,34.0,8773.0
0,11903.0,2007.909090909091,655.5,2515.21833335852,9.0,8782.0
0,11905.0,2009.909090909091,657.5,2515.21833335852,11.0,8784.0
0,11923.0,1989.3181818181818,602.0,2539.2702492567287,9.0,8802.0
0,11932.0,1911.608695652174,596.0,2516.5369016399677,4.0,8811.0
0,11935.0,1914.608695652174,599.0,2516.5369016399677,3.0,8814.0
0,11942.0,1985.7727272727273,621.0,2554.6287745227946,10.0,8821.0
0,11948.0,1991.7727272727273,627.0,2554.6287745227946,5.0,8827.0
0,11959.0,2002.7727272727273,638.0,2554.6287745227946,2.0,8838.0
0,11971.0,2014.7727272727273,650.0,2554.6287745227946,11.0,8850.0
0,11975.0,2018.7727272727273,654.0,2554.6287745227946,15.0,8854.0
0,11977.0,2079.4761904761904,641.0,2600.208079934549,17.0,8856.0
0,11988.0,2090.4761904761904,652.0,2600.208079934549,4.0,8867.0
0,12007.0,2109.4761904761904,671.0,2600.208079934549,2.0,8886.0
0,12014.0,2116.4761904761904,678.0,2600.208079934549,9.0,8893.0
0,12048.0,1965.5652173913043,663.0,2555.812979244985,15.0,8927.0
0,12063.0,1980.5652173913043,678.0,2555.812979244985,8.0,8942.0
0,12070.0,1904.9583333333333,643.0,2533.1710279010426,5.0,8949.0
0,12095.0,1923.75,668.0,2537.6627082481496,6.0,8974.0
0,12096.0,1924.75,669.0,2537.6627082481496,7.0,8975.0
0,12112.0,1980.090909090909,605.5,2638.5202965624317,12.0,8991.0
0,12117.0,2048.7619047619046,573.0,2684.0482911126887,17.0,8996.0
0,12125.0,1963.590909090909,568.0,2656.86901615572,7.0,9004.0
0,12128.0,1966.590909090909,571.0,2656.86901615572,10.0,9007.0
0,12133.0,2060.095238095238,589.0,2687.5206471811416,3.0,9012.0
0,12152.0,1898.9130434782608,582.0,2633.551163651278,1.0,9031.0
0,12165.0,1832.4166666666667,583.5,2606.139144991218,4.0,9044.0
0,12168.0,1835.4166666666667,586.5,2606.139144991218,7.0,9047.0
0,12181.0,1797.0434782608695,588.0,2650.2684766094244,20.0,9060.0
0,12184.0,1800.0434782608695,591.0,2650.2684766094244,23.0,9063.0
0,12186.0,1802.0434782608695,593.0,2650.2684766094244,25.0,9065.0
0,12198.0,1890.4545454545455,616.5,2684.9400827455875,10.0,9077.0
0,12201.0,1893.4545454545455,619.5,2684.9400827455875,13.0,9080.0
0,12209.0,1901.4545454545455,627.5,2684.9400827455875,21.0,9088.0
0,12229.0,1981.5714285714287,636.0,2733.619483943074,7.0,9108.0
0,12242.0,1994.5714285714287,649.0,2733.619483943074,20.0,9121.0
0,12243.0,1995.5714285714287,650.0,2733.619483943074,1.0,9122.0
0,12291.0,2031.7619047619048,698.0,2741.8096544811233,15.0,9170.0
0,12293.0,2033.7619047619048,700.0,2741.8096544811233,17.0,9172.0
0,12307.0,2004.5238095238096,578.0,2766.2723003907804,3.0,9186.0
0,12341.0,1946.3636363636363,579.0,2735.46993711492,10.0,9220.0
0,12342.0,1947.3636363636363,580.0,2735.46993711492,1.0,9221.0
0,12349.0,1929.2272727272727,567.0,2750.7207143487153,1.0,9228.0
0,12384.0,1880.304347826087,549.0,2718.9032704987726,12.0,9263.0
0,12386.0,1882.304347826087,551.0,2718.9032704987726,14.0,9265.0
0,12390.0,1880.608695652174,555.0,2721.2128008942022,18.0,9269.0
0,12398.0,1857.4782608695652,484.0,2738.4103428904064,7.0,9277.0
0,12423.0,1918.6363636363637,427.5,2794.580380689064,1.0,9302.0
0,12440.0,1852.0,363.0,2761.162641068936,2.0,9319.0
0,12468.0,1880.0,391.0,2761.162641068936,4.0,9347.0
0,12474.0,1886.0,397.0,2761.162641068936,2.0,9353.0
0,12498.0,1758.0,380.0,2698.1092639105627,8.0,9377.0
0,12499.0,1759.0,381.0,2698.1092639105627,9.0,9378.0
0,12504.0,1764.0,386.0,2698.1092639105627,14.0,9383.0
0,12516.0,1776.0,398.0,2698.1092639105627,7.0,9395.0
0,12519.0,1779.0,401.0,2698.1092639105627,3.0,9398.0
0,12546.0,1737.576923076923,417.0,2667.7414557734173,2.0,9425.0
0,12549.0,1740.576923076923,420.0,2667.7414557734173,2.0,9428.0
0,12565.0,1756.576923076923,436.0,2667.7414557734173,8.0,9444.0
0,12586.0,1830.84,468.0,2706.9830835082807,18.0,9465.0
0,12598.0,1842.84,480.0,2706.9830835082807,4.0,9477.0
0,12613.0,1857.84,495.0,2706.9830835082807,2.0,9492.0
0,12653.0,1862.12,503.0,2725.4266795494614,10.0,9532.0
0,12656.0,1865.12,506.0,2725.4266795494614,13.0,9535.0
0,12657.0,1866.12,507.0,2725.4266795494614,14.0,9536.0
0,12661.0,1935.0,527.0,2762.6460444050135,18.0,9540.0
0,12662.0,1981.5652173913043,512.0,2814.766803625155,19.0,9541.0
0,12669.0,2162.7619047619046,551.0,2885.684715391477,26.0,9548.0
0,12693.0,2087.6363636363635,559.0,2855.6980924182653,6.0,9572.0
0,12699.0,2002.7391304347825,549.0,2825.2816899557542,3.0,9578.0
0,12713.0,1933.125,557.5,2794.7137049630564,7.0,9592.0
0,12714.0,1934.125,558.5,2794.7137049630564,8.0,9593.0
0,12720.0,1923.9166666666667,564.5,2804.7668191352777,1.0,9599.0
0,12746.0,1949.9166666666667,590.5,2804.7668191352777,22.0,9625.0
0,12756.0,1959.9166666666667,600.5,2804.7668191352777,32.0,9635.0
0,12757.0,1960.9166666666667,601.5,2804.7668191352777,33.0,9636.0
0,12781.0,1984.9166666666667,625.5,2804.7668191352777,57.0,9660.0
0,12784.0,1987.9166666666667,628.5,2804.7668191352777,60.0,9663.0
0,12786.0,1910.36,625.0,2775.599133592601,1.0,9665.0
0,12794.0,1979.7916666666667,638.5,2816.1324983501554,9.0,9673.0
0,12820.0,1926.48,659.0,2786.45766693126,3.0,9699.0
0,12822.0,1928.48,661.0,2786.45766693126,5.0,9701.0
0,12826.0,1932.48,665.0,2786.45766693126,1.0,9705.0
0,12836.0,1846.5384615384614,609.0,2769.847916274455,3.0,9715.0
0,12840.0,1850.5384615384614,613.0,2769.847916274455,1.0,9719.0
0,12848.0,1858.5384615384614,621.0,2769.847916274455,5.0,9727.0
0,12854.0,1864.5384615384614,627.0,2769.847916274455,5.0,9733.0
0,12857.0,1867.5384615384614,630.0,2769.847916274455,8.0,9736.0
0,12861.0,1940.72,700.0,2802.588368205363,4.0,9740.0
0,12884.0,2015.4166666666667,662.5,2848.676679861878,27.0,9763.0
0,12892.0,2023.4166666666667,670.5,2848.676679861878,4.0,9771.0
0,12903.0,2034.4166666666667,681.5,2848.676679861878,15.0,9782.0
0,12917.0,1821.4814814814815,489.0,2761.3935340072526,3.0,9796.0
0,12929.0,1833.4814814814815,501.0,2761.3935340072526,15.0,9808.0
0,12930.0,1834.4814814814815,502.0,2761.3935340072526,16.0,9809.0
0,12937.0,1841.4814814814815,509.0,2761.3935340072526,23.0,9816.0
0,12946.0,1850.4814814814815,518.0,2761.3935340072526,7.0,9825.0
0,12949.0,1853.4814814814815,521.0,2761.3935340072526,10.0,9828.0
0,12950.0,1854.4814814814815,522.0,2761.3935340072526,11.0,9829.0
0,12956.0,1860.4814814814815,528.0,2761.3935340072526,6.0,9835.0
0,12958.0,1862.4814814814815,530.0,2761.3935340072526,8.0,9837.0
0,12975.0,1946.2307692307693,614.5,2792.5395570188066,9.0,9854.0
0,12978.0,1949.2307692307693,617.5,2792.5395570188066,12.0,9857.0
0,13014.0,1781.2758620689656,526.0,2711.4728901917765,5.0,9893.0
0,13026.0,1760.7586206896551,507.0,2727.012773324313,3.0,9905.0
0,13071.0,1746.4666666666667,500.5,2700.122697623614,6.0,9950.0
0,13076.0,1751.4666666666667,505.5,2700.122697623614,2.0,9955.0
0,13087.0,1762.4666666666667,516.5,2700.122697623614,13.0,9966.0
0,13088.0,1763.4666666666667,517.5,2700.122697623614,14.0,9967.0
0,13090.0,1765.4666666666667,519.5,2700.122697623614,16.0,9969.0
0,13091.0,1766.4666666666667,520.5,2700.122697623614,17.0,9970.0
0,13131.0,1766.3666666666666,439.5,2721.71197941459,12.0,10010.0
0,13133.0,1768.3666666666666,441.5,2721.71197941459,14.0,10012.0
0,13148.0,1810.448275862069,452.0,2764.263406110043,1.0,10027.0
0,13160.0,1870.642857142857,460.5,2801.194684088071,3.0,10039.0
0,13175.0,1885.642857142857,475.5,2801.194684088071,3.0,10054.0
0,13180.0,1890.642857142857,480.5,2801.194684088071,8.0,10059.0
0,13186.0,1896.642857142857,486.5,2801.194684088071,3.0,10065.0
0,13191.0,1836.1724137931035,488.0,2774.1908179524016,3.0,10070.0
0,13206.0,1851.1724137931035,503.0,2774.1908179524016,18.0,10085.0
0,13229.0,1874.1724137931035,526.0,2774.1908179524016,2.0,10108.0
0,13243.0,1888.1724137931035,540.0,2774.1908179524016,7.0,10122.0
0,13261.0,1906.1724137931035,558.0,2774.1908179524016,16.0,10140.0
0,13263.0,1908.1724137931035,560.0,2774.1908179524016,18.0,10142.0
0,13267.0,1890.5862068965516,482.0,2784.8721943960186,1.0,10146.0
0,13269.0,1936.0714285714287,519.0,2825.585513641015,3.0,10148.0
0,13280.0,2081.3846153846152,580.5,2888.494778053136,5.0,10159.0
0,13287.0,2088.3846153846152,587.5,2888.494778053136,2.0,10166.0
0,13307.0,2030.3703703703704,604.0,2862.2768863156653,2.0,10186.0
0,13343.0,2066.3703703703704,640.0,2862.2768863156653,16.0,10222.0
0,13353.0,2002.5714285714287,603.0,2836.7383990946296,10.0,10232.0
0,13373.0,2010.0714285714287,623.0,2844.7746449608703,15.0,10252.0
0,13394.0,2091.1111111111113,691.0,2879.503536598618,19.0,10273.0
0,13412.0,2033.8214285714287,662.0,2854.551566653451,1.0,10291.0
0,13428.0,2026.3333333333333,631.0,2904.274831398761,6.0,10307.0
0,13438.0,2036.3333333333333,641.0,2904.274831398761,2.0,10317.0
0,13441.0,1966.5714285714287,626.0,2876.89328255041,2.0,10320.0
0,13470.0,1960.5,655.0,2897.651579912849,14.0,10349.0
0,13486.0,1976.5,671.0,2897.651579912849,3.0,10365.0
0,13498.0,1898.7931034482758,585.0,2881.4095135506204,4.0,10377.0
0,13505.0,2013.6296296296296,592.0,2956.240720266048,1.0,10384.0
0,13523.0,1892.1724137931035,503.0,2898.1368458321695,4.0,10402.0
0,13557.0,1867.5862068965516,513.0,2918.771346577675,7.0,10436.0
0,13563.0,1924.4285714285713,531.0,2957.789853307116,2.0,10442.0
0,13574.0,1869.0689655172414,530.0,2927.481581331787,1.0,10453.0
0,13604.0,1899.0689655172414,560.0,2927.481581331787,6.0,10483.0
0,13612.0,1843.6666666666667,541.5,2898.4569151341357,5.0,10491.0
0,13613.0,1844.6666666666667,542.5,2898.4569151341357,6.0,10492.0
0,13621.0,1852.6666666666667,550.5,2898.4569151341357,14.0,10500.0
0,13655.0,1886.6666666666667,584.5,2898.4569151341357,3.0,10534.0
0,13660.0,1891.6666666666667,589.5,2898.4569151341357,8.0,10539.0
0,13667.0,1985.107142857143,524.5,2981.399315988643,1.0,10546.0
0,13670.0,1988.107142857143,527.5,2981.399315988643,4.0,10549.0
0,13676.0,2058.1481481481483,579.0,3017.1376391553104,5.0,10555.0
0,13679.0,1987.607142857143,536.5,2987.3117793581296,2.0,10558.0
0,13689.0,2049.6666666666665,501.0,3029.6313184818264,4.0,10568.0
0,13700.0,2132.0,596.0,3065.0128121202915,15.0,10579.0
0,13701.0,2133.0,597.0,3065.0128121202915,16.0,10580.0
0,13728.0,2160.0,624.0,3065.0128121202915,8.0,10607.0
0,13734.0,2279.2083333333335,487.5,3163.83058937483,14.0,10613.0
0,13751.0,2204.96,446.0,3131.9740162395988,15.0,10630.0
0,13757.0,2210.96,452.0,3131.9740162395988,5.0,10636.0
0,13764.0,2217.96,459.0,3131.9740162395988,12.0,10643.0
0,13765.0,2218.96,460.0,3131.9740162395988,13.0,10644.0
0,13784.0,2152.076923076923,460.0,3101.028786152166,1.0,10663.0
0,13800.0,2150.730769230769,468.5,3111.794171531326,6.0,10679.0
0,13807.0,2219.28,449.0,3157.8628028462535,13.0,10686.0
0,13811.0,2223.28,453.0,3157.8628028462535,17.0,10690.0
0,13814.0,2226.28,456.0,3157.8628028462535,20.0,10693.0
0,13846.0,2280.375,447.5,3221.0862791468867,1.0,10725.0
0,13852.0,2273.2916666666665,453.5,3229.6810404843222,4.0,10731.0
0,13855.0,2276.2916666666665,456.5,3229.6810404843222,7.0,10734.0
0,13860.0,2281.2916666666665,461.5,3229.6810404843222,12.0,10739.0
0,13865.0,2286.2916666666665,466.5,3229.6810404843222,17.0,10744.0
0,13874.0,2295.2916666666665,475.5,3229.6810404843222,26.0,10753.0
0,13887.0,2308.2916666666665,488.5,3229.6810404843222,39.0,10766.0
0,13907.0,2328.913043478261,468.0,3299.143089178362,20.0,10786.0
0,13914.0,2238.7916666666665,473.5,3263.093572812548,5.0,10793.0
0,13924.0,2248.7916666666665,483.5,3263.093572812548,15.0,10803.0
0,13972.0,2022.2222222222222,460.0,3170.261904513549,12.0,10851.0
0,13977.0,2084.6153846153848,463.5,3216.859219283055,17.0,10856.0
0,13979.0,2086.6153846153848,465.5,3216.859219283055,19.0,10858.0
0,13983.0,2173.2,471.0,3253.4266366402057,23.0,10862.0
0,13986.0,2263.6666666666665,502.0,3291.5888471813873,26.0,10865.0
0,13999.0,2276.6666666666665,515.0,3291.5888471813873,1.0,10878.0
0,14036.0,2259.478260869565,524.0,3351.8877727083527,2.0,10915.0
0,14053.0,2276.478260869565,541.0,3351.8877727083527,19.0,10932.0
0,14060.0,2382.7272727272725,576.0,3394.0067657003624,26.0,10939.0
0,14075.0,2397.7272727272725,591.0,3394.0067657003624,1.0,10954.0
0,14088.0,2410.7272727272725,604.0,3394.0067657003624,14.0,10967.0
0,14094.0,2416.7272727272725,610.0,3394.0067657003624,2.0,10973.0
0,14111.0,2433.7272727272725,627.0,3394.0067657003624,13.0,10990.0
0,14117.0,2548.0476190476193,661.0,3436.5224598102145,4.0,10996.0
0,14121.0,2552.0476190476193,665.0,3436.5224598102145,8.0,11000.0
0,14124.0,2555.0476190476193,668.0,3436.5224598102145,11.0,11003.0
0,14128.0,2559.0476190476193,672.0,3436.5224598102145,15.0,11007.0
0,14135.0,2566.0476190476193,679.0,3436.5224598102145,22.0,11014.0
0,14144.0,2575.0476190476193,688.0,3436.5224598102145,31.0,11023.0
0,14162.0,2475.6363636363635,678.0,3400.349414471382,10.0,11041.0
0,14173.0,2578.095238095238,717.0,3453.8299776826348,21.0,11052.0
0,14177.0,2464.818181818182,693.0,3416.950243556694,2.0,11056.0
0,14194.0,2451.4545454545455,708.5,3435.725247339579,14.0,11073.0
0,14209.0,2359.608695652174,694.0,3397.3716789809405,9.0,11088.0
0,14221.0,2371.608695652174,706.0,3397.3716789809405,21.0,11100.0
0,14252.0,2369.1304347826085,689.0,3416.776949424296,13.0,11131.0
0,14255.0,2182.48,578.0,3339.7663645231232,1.0,11134.0
0,14276.0,2119.4615384615386,569.5,3301.744296938644,19.0,11155.0
0,14277.0,2120.4615384615386,570.5,3301.744296938644,20.0,11156.0
0,14314.0,2081.923076923077,556.5,3334.1020233002987,3.0,11193.0
0,14335.0,2102.923076923077,577.5,3334.1020233002987,6.0,11214.0
0,14336.0,2103.923076923077,578.5,3334.1020233002987,7.0,11215.0
0,14353.0,2182.8,617.0,3385.459815150669,24.0,11232.0
0,14368.0,1873.0416666666667,603.0,3049.9499241677,5.0,11247.0
0,14379.0,1884.0416666666667,614.0,3049.9499241677,6.0,11258.0
0,14383.0,1812.64,589.0,3011.0723389516897,3.0,11262.0
0,14385.0,1814.64,591.0,3011.0723389516897,5.0,11264.0
0,14387.0,1816.64,593.0,3011.0723389516897,7.0,11266.0
0,14400.0,1829.64,606.0,3011.0723389516897,5.0,11279.0
0,14436.0,1865.64,642.0,3011.0723389516897,13.0,11315.0
0,14437.0,1866.64,643.0,3011.0723389516897,14.0,11316.0
0,14443.0,2000.3478260869565,707.0,3105.779641791226,20.0,11322.0
0,14445.0,2002.3478260869565,709.0,3105.779641791226,2.0,11324.0
0,14452.0,1925.7083333333333,660.0,3066.733447812274,2.0,11331.0
0,14463.0,2081.0454545454545,756.5,3162.816775040777,4.0,11342.0
0,14487.0,2105.0454545454545,780.5,3162.816775040777,28.0,11366.0
0,14488.0,2106.0454545454545,781.5,3162.816775040777,29.0,11367.0
0,14520.0,2138.0454545454545,813.5,3162.816775040777,7.0,11399.0
0,14522.0,2140.0454545454545,815.5,3162.816775040777,9.0,11401.0
0,14536.0,2052.5,592.0,3194.0390040027546,9.0,11415.0
0,14553.0,1980.2608695652175,401.0,3151.7494550803435,17.0,11432.0
0,14577.0,1921.5416666666667,413.5,3110.7884046112636,3.0,11456.0
0,14580.0,1924.5416666666667,416.5,3110.7884046112636,6.0,11459.0
0,14582.0,1926.5416666666667,418.5,3110.7884046112636,8.0,11461.0
0,14605.0,1949.5416666666667,441.5,3110.7884046112636,1.0,11484.0
0,14620.0,1964.5416666666667,456.5,3110.7884046112636,4.0,11499.0
0,14629.0,1822.3076923076924,451.5,3034.317079030251,7.0,11508.0
0,14636.0,1784.1538461538462,458.5,2895.403143078136,1.0,10341.0
0,14646.0,1572.4615384615386,456.0,2477.05158529511,8.0,8502.0
0,14652.0,1367.7692307692307,439.0,2365.41681654129,14.0,8508.0
0,14660.0,1375.7692307692307,447.0,2365.41681654129,22.0,8516.0
0,14663.0,1432.8,463.0,2396.4770309769297,25.0,8519.0
0,14674.0,1497.8333333333333,484.0,2430.9274064758815,36.0,8530.0
0,14680.0,1503.8333333333333,490.0,2430.9274064758815,42.0,8536.0
0,14708.0,1366.9615384615386,468.5,2385.4482159184263,2.0,8564.0
0,14735.0,1393.9615384615386,495.5,2385.4482159184263,1.0,8591.0
0,14737.0,1395.9615384615386,497.5,2385.4482159184263,3.0,8593.0
0,14738.0,1396.9615384615386,498.5,2385.4482159184263,4.0,8594.0
0,14767.0,1407.076923076923,527.5,2394.5272525727514,12.0,8623.0
0,14770.0,1410.076923076923,530.5,2394.5272525727514,15.0,8626.0
0,14772.0,1412.076923076923,532.5,2394.5272525727514,17.0,8628.0
0,14776.0,1416.076923076923,536.5,2394.5272525727514,21.0,8632.0
0,14777.0,1417.076923076923,537.5,2394.5272525727514,22.0,8633.0
0,14779.0,1419.076923076923,539.5,2394.5272525727514,24.0,8635.0
0,14792.0,1499.0416666666667,537.0,2480.5780656795614,8.0,8648.0
0,14795.0,1442.08,538.0,2448.1475596050172,3.0,8651.0
0,14817.0,1442.36,506.0,2458.423915926625,3.0,8673.0
0,14821.0,1446.36,510.0,2458.423915926625,7.0,8677.0
0,14822.0,1447.36,511.0,2458.423915926625,8.0,8678.0
0,14823.0,1448.36,512.0,2458.423915926625,1.0,8679.0
0,14875.0,1444.1923076923076,494.5,2426.9863398435064,10.0,8731.0
0,14881.0,1450.1923076923076,500.5,2426.9863398435064,1.0,8737.0
0,14891.0,1399.2307692307693,398.0,2442.9145630025982,1.0,8747.0
0,14911.0,1408.576923076923,418.0,2448.413869192068,1.0,8767.0
0,14944.0,1441.576923076923,451.0,2448.413869192068,11.0,8800.0
0,14959.0,1403.111111111111,423.0,2418.0626210886626,3.0,8815.0
0,14973.0,1417.111111111111,437.0,2418.0626210886626,6.0,8829.0
0,14981.0,1389.1923076923076,434.0,2457.0466327128274,8.0,8837.0
0,14982.0,1390.1923076923076,435.0,2457.0466327128274,9.0,8838.0
0,14990.0,1421.72,432.0,2502.832180071209,3.0,8846.0
0,15001.0,1432.72,443.0,2502.832180071209,14.0,8857.0
0,15012.0,1480.4583333333333,422.0,2547.829140974179,7.0,8868.0
0,15031.0,1485.4166666666667,441.0,2555.0547925740375,3.0,8887.0
0,15038.0,1546.7826086956522,480.0,2596.3837553248813,2.0,8894.0
0,15049.0,1493.1666666666667,459.0,2560.5380239750825,7.0,8905.0
0,15051.0,1495.1666666666667,461.0,2560.5380239750825,9.0,8907.0
0,15053.0,1497.1666666666667,463.0,2560.5380239750825,11.0,8909.0
0,15061.0,1505.1666666666667,471.0,2560.5380239750825,19.0,8917.0
0,15063.0,1507.1666666666667,473.0,2560.5380239750825,21.0,8919.0
0,15081.0,1385.6,387.0,2549.7813553322567,3.0,8937.0
0,15132.0,1436.6,438.0,2549.7813553322567,5.0,8988.0
0,15133.0,1437.6,439.0,2549.7813553322567,1.0,8989.0
0,15176.0,1424.6153846153845,478.5,2515.887243360039,7.0,9032.0
0,15179.0,1427.6153846153845,481.5,2515.887243360039,3.0,9035.0
0,15181.0,1429.6153846153845,483.5,2515.887243360039,5.0,9037.0
0,15188.0,1383.4814814814815,487.0,2483.678564673784,2.0,9044.0
0,15195.0,1390.4814814814815,494.0,2483.678564673784,9.0,9051.0
0,15199.0,1428.9615384615386,479.5,2524.641703151151,13.0,9055.0
0,15208.0,1437.9615384615386,488.5,2524.641703151151,3.0,9064.0
0,15253.0,1482.9615384615386,533.5,2524.641703151151,5.0,9109.0
0,15268.0,1497.9615384615386,548.5,2524.641703151151,20.0,9124.0
0,15272.0,1538.92,527.0,2567.733287084155,24.0,9128.0
0,15275.0,1541.92,530.0,2567.733287084155,27.0,9131.0
0,15283.0,1432.7307692307693,469.5,2549.126691448123,2.0,9139.0
0,15285.0,1487.76,493.0,2585.5084959055926,4.0,9141.0
0,15286.0,1488.76,494.0,2585.5084959055926,5.0,9142.0
0,15298.0,1500.76,506.0,2585.5084959055926,2.0,9154.0
0,15309.0,1453.6538461538462,495.5,2551.8919518709395,1.0,9165.0
0,15312.0,1456.6538461538462,498.5,2551.8919518709395,4.0,9168.0
0,15337.0,1481.6538461538462,523.5,2551.8919518709395,12.0,9193.0
0,15355.0,1493.5384615384614,541.5,2555.2617091732236,3.0,9211.0
0,15374.0,1540.4,539.0,2601.9903919884105,10.0,9230.0
0,15375.0,1541.4,540.0,2601.9903919884105,11.0,9231.0
0,15388.0,1494.8461538461538,525.5,2568.7783641302476,6.0,9244.0
0,15393.0,1499.8461538461538,530.5,2568.7783641302476,4.0,9249.0
0,15401.0,1554.88,566.0,2608.649157245949,12.0,9257.0
0,15407.0,1602.0833333333333,566.0,2654.4587633619194,2.0,9263.0
0,15419.0,1614.0833333333333,578.0,2654.4587633619194,14.0,9275.0
0,15445.0,1640.0833333333333,604.0,2654.4587633619194,6.0,9301.0
0,15482.0,1549.1923076923076,588.0,2588.516950201271,5.0,9338.0
0,15483.0,1550.1923076923076,589.0,2588.516950201271,6.0,9339.0
0,15489.0,1556.1923076923076,595.0,2588.516950201271,3.0,9345.0
0,15506.0,1573.1923076923076,612.0,2588.516950201271,13.0,9362.0
0,15543.0,1581.5384615384614,621.0,2601.957801803647,6.0,9399.0
0,15552.0,1531.7777777777778,606.0,2570.838403860778,4.0,9408.0
0,15554.0,1533.7777777777778,608.0,2570.838403860778,2.0,9410.0
0,15556.0,1535.7777777777778,610.0,2570.838403860778,4.0,9412.0
0,15559.0,1538.7777777777778,613.0,2570.838403860778,7.0,9415.0
0,15582.0,1561.7777777777778,636.0,2570.838403860778,1.0,9438.0
0,15597.0,1576.7777777777778,651.0,2570.838403860778,2.0,9453.0
0,15606.0,1549.3703703703704,586.0,2586.0184489638395,1.0,9462.0
0,15634.0,1564.7037037037037,614.0,2592.8132128352304,9.0,9490.0
0,15637.0,1567.7037037037037,617.0,2592.8132128352304,12.0,9493.0
0,15648.0,1522.5,617.0,2562.7863254668737,1.0,9504.0
0,15653.0,1474.9655172413793,611.0,2533.5097705419707,2.0,9509.0
0,15678.0,1403.7096774193549,615.0,2477.68267375825,2.0,9534.0
0,15680.0,1405.7096774193549,617.0,2477.68267375825,4.0,9536.0
0,15695.0,1443.1,630.5,2515.5517665116736,3.0,9551.0
0,15698.0,1446.1,633.5,2515.5517665116736,6.0,9554.0
0,15721.0,1491.3793103448277,655.0,2555.6440636875845,20.0,9577.0
0,15728.0,1449.655172413793,577.0,2570.159531823846,4.0,9584.0
0,15754.0,1427.3,524.5,2540.342065549441,2.0,9610.0
0,15765.0,1438.3,535.5,2540.342065549441,6.0,9621.0
0,15772.0,1445.3,542.5,2540.342065549441,13.0,9628.0
0,15781.0,1454.3,551.5,2540.342065549441,8.0,9637.0
0,15782.0,1430.9,455.5,2550.379636446308,9.0,9638.0
0,15839.0,1458.0,457.0,2605.0173604557535,8.0,9695.0
0,15841.0,1460.0,459.0,2605.0173604557535,10.0,9697.0
0,15842.0,1461.0,460.0,2605.0173604557535,11.0,9698.0
0,15849.0,1503.75,447.5,2644.128004047027,2.0,9705.0
0,15864.0,1554.4074074074074,406.0,2686.0293186571644,1.0,9720.0
0,15874.0,1564.4074074074074,416.0,2686.0293186571644,5.0,9730.0
0,15881.0,1571.4074074074074,423.0,2686.0293186571644,1.0,9737.0
0,15883.0,1573.4074074074074,425.0,2686.0293186571644,3.0,9739.0
0,15893.0,1583.4074074074074,435.0,2686.0293186571644,3.0,9749.0
0,15898.0,1639.6923076923076,496.5,2724.1934977196006,8.0,9754.0
0,15906.0,1647.6923076923076,504.5,2724.1934977196006,16.0,9762.0
0,15913.0,1593.5925925925926,455.0,2691.3625526069054,5.0,9769.0
0,15940.0,1642.5384615384614,472.5,2740.2595080754,3.0,9796.0
0,15950.0,1652.5384615384614,482.5,2740.2595080754,2.0,9806.0
0,15955.0,1657.5384615384614,487.5,2740.2595080754,1.0,9811.0
0,15962.0,1664.5384615384614,494.5,2740.2595080754,4.0,9818.0
0,15989.0,1741.12,531.0,2783.0678226733894,1.0,9845.0
0,16018.0,1702.923076923077,550.5,2749.6271764491007,16.0,9874.0
0,16023.0,1644.7037037037037,546.0,2717.4154770979476,1.0,9879.0
0,16050.0,1634.5555555555557,502.0,2733.0454094062443,3.0,9906.0
0,16054.0,1638.5555555555557,506.0,2733.0454094062443,7.0,9910.0
0,16055.0,1639.5555555555557,507.0,2733.0454094062443,8.0,9911.0
0,16066.0,1638.148148148148,518.0,2739.732721536817,2.0,9922.0
0,16067.0,1639.148148148148,519.0,2739.732721536817,3.0,9923.0
0,16071.0,1682.7692307692307,494.5,2784.3217280348726,7.0,9927.0
0,16072.0,1683.7692307692307,495.5,2784.3217280348726,8.0,9928.0
0,16078.0,1689.7692307692307,501.5,2784.3217280348726,5.0,9934.0
0,16096.0,1644.6296296296296,491.0,2751.1764103022488,3.0,9952.0
0,16097.0,1645.6296296296296,492.0,2751.1764103022488,4.0,9953.0
0,16100.0,1648.6296296296296,495.0,2751.1764103022488,1.0,9956.0
0,16106.0,1715.0384615384614,529.5,2785.9570718539467,3.0,9962.0
0,16109.0,1718.0384615384614,532.5,2785.9570718539467,6.0,9965.0
0,16156.0,1629.7037037037037,533.0,2771.3217573170523,5.0,10012.0
0,16168.0,1583.4642857142858,532.0,2738.158133309726,2.0,10024.0
0,16171.0,1586.4642857142858,535.0,2738.158133309726,5.0,10027.0
0,16175.0,1590.4642857142858,539.0,2738.158133309726,2.0,10031.0
0,16182.0,1597.4642857142858,546.0,2738.158133309726,9.0,10038.0
0,16202.0,1655.9259259259259,553.0,2780.966590899326,4.0,10058.0
0,16208.0,1602.642857142857,551.5,2748.1739289712996,2.0,10064.0
0,16210.0,1604.642857142857,553.5,2748.1739289712996,4.0,10066.0
0,16219.0,1613.642857142857,562.5,2748.1739289712996,2.0,10075.0
0,16221.0,1615.642857142857,564.5,2748.1739289712996,4.0,10077.0
0,16246.0,1584.8620689655172,582.0,2716.4594949808434,3.0,10102.0
0,16251.0,1589.8620689655172,587.0,2716.4594949808434,8.0,10107.0
0,16296.0,1483.03125,596.0,2628.7256475854297,14.0,10152.0
0,16299.0,1486.03125,599.0,2628.7256475854297,17.0,10155.0
0,16302.0,1520.5483870967741,626.0,2664.8305016449726,3.0,10158.0
0,16310.0,1528.5483870967741,634.0,2664.8305016449726,8.0,10166.0
0,16326.0,1544.5483870967741,650.0,2664.8305016449726,24.0,10182.0
0,16330.0,1548.5483870967741,654.0,2664.8305016449726,28.0,10186.0
0,16345.0,1514.9375,645.0,2636.7895007174443,8.0,10201.0
0,16356.0,1525.9375,656.0,2636.7895007174443,7.0,10212.0
0,16360.0,1529.9375,660.0,2636.7895007174443,1.0,10216.0
0,16398.0,1527.40625,635.5,2649.993889844076,6.0,10254.0
0,16400.0,1529.40625,637.5,2649.993889844076,1.0,10256.0
0,16403.0,1532.40625,640.5,2649.993889844076,4.0,10259.0
0,16412.0,1541.40625,649.5,2649.993889844076,13.0,10268.0
0,16418.0,1566.967741935484,617.0,2690.12155240267,19.0,10274.0
0,16438.0,1586.967741935484,637.0,2690.12155240267,12.0,10294.0
0,16447.0,1621.1,592.5,2731.006875983044,21.0,10303.0
0,16452.0,1655.0,544.0,2773.1801985794405,26.0,10308.0
0,16465.0,1668.0,557.0,2773.1801985794405,39.0,10321.0
0,16475.0,1671.3793103448277,567.0,2776.939451661239,3.0,10331.0
0,16481.0,1677.3793103448277,573.0,2776.939451661239,9.0,10337.0
0,16510.0,1649.7,558.5,2747.273207503518,6.0,10366.0
0,16525.0,1692.8275862068965,530.0,2789.988209948707,1.0,10381.0
0,16555.0,1709.7586206896551,560.0,2797.0141179870343,2.0,10411.0
0,16561.0,1658.7666666666667,541.0,2767.075371619324,2.0,10417.0
0,16569.0,1641.4333333333334,514.5,2778.6426864368304,2.0,10425.0
0,16581.0,1691.9655172413793,517.0,2818.2529496952734,14.0,10437.0
0,16582.0,1692.9655172413793,518.0,2818.2529496952734,15.0,10438.0
0,16601.0,1711.9655172413793,537.0,2818.2529496952734,8.0,10457.0
0,16603.0,1713.9655172413793,539.0,2818.2529496952734,10.0,10459.0
0,16605.0,1708.4137931034484,541.0,2817.590184797094,12.0,10461.0
0,16618.0,1716.357142857143,539.5,2867.3336072571187,25.0,10474.0
0,16619.0,1717.357142857143,540.5,2867.3336072571187,26.0,10475.0
0,16625.0,1753.7777777777778,532.0,2917.929762479802,2.0,10481.0
0,16660.0,1667.3793103448277,540.0,2850.627703576797,14.0,10516.0
0,16667.0,1707.0714285714287,528.5,2895.7384072925834,4.0,10523.0
0,16679.0,1660.1379310344828,522.0,2862.411748064521,1.0,10535.0
0,16694.0,1675.1379310344828,537.0,2862.411748064521,15.0,10550.0
0,16709.0,1690.1379310344828,552.0,2862.411748064521,6.0,10565.0
0,16720.0,1644.7666666666667,538.5,2830.6256397168136,4.0,10576.0
0,16730.0,1601.7096774193549,524.0,2799.7190895211124,10.0,10586.0
0,16734.0,1657.0666666666666,552.5,2831.5974517732725,14.0,10590.0
0,16738.0,1661.0666666666666,556.5,2831.5974517732725,18.0,10594.0
0,16745.0,1668.0666666666666,563.5,2831.5974517732725,25.0,10601.0
0,16758.0,1681.0666666666666,576.5,2831.5974517732725,6.0,10614.0
0,16767.0,1675.9666666666667,585.5,2838.880677113585,7.0,10623.0
0,16782.0,1669.0666666666666,567.5,2849.249186871673,5.0,10638.0
0,16792.0,1679.0666666666666,577.5,2849.249186871673,2.0,10648.0
0,16806.0,1693.0666666666666,591.5,2849.249186871673,12.0,10662.0
0,16810.0,1686.9333333333334,595.5,2849.9070620324133,2.0,10666.0
0,16822.0,1659.6333333333334,570.5,2862.315571739466,1.0,10678.0
0,16839.0,1727.3793103448277,616.0,2897.948910972452,6.0,10695.0
0,16841.0,1729.3793103448277,618.0,2897.948910972452,8.0,10697.0
0,16846.0,1734.3793103448277,623.0,2897.948910972452,1.0,10702.0
0,16870.0,1758.3793103448277,647.0,2897.948910972452,14.0,10726.0
0,16893.0,1576.3548387096773,421.0,2859.4884332509446,1.0,10749.0
0,16933.0,1566.90625,445.0,2827.888449879333,1.0,10789.0
0,16935.0,1568.90625,447.0,2827.888449879333,3.0,10791.0
0,16941.0,1613.258064516129,469.0,2864.934857872744,9.0,10797.0
0,16966.0,1574.5,478.0,2840.141127655455,6.0,10822.0
0,16968.0,1576.5,480.0,2840.141127655455,8.0,10824.0
0,16979.0,1587.5,491.0,2840.141127655455,8.0,10835.0
0,16988.0,1636.6129032258063,516.0,2876.6506025003737,4.0,10844.0
0,16991.0,1639.6129032258063,519.0,2876.6506025003737,7.0,10847.0
0,17002.0,1657.1666666666667,514.0,2923.974088842482,3.0,10858.0
0,17008.0,1663.1666666666667,520.0,2923.974088842482,9.0,10864.0
0,17009.0,1664.1666666666667,521.0,2923.974088842482,10.0,10865.0
0,17012.0,1667.1666666666667,524.0,2923.974088842482,2.0,10868.0
0,17017.0,1672.1666666666667,529.0,2923.974088842482,7.0,10873.0
0,17041.0,1696.1666666666667,553.0,2923.974088842482,6.0,10897.0
0,17045.0,1700.1666666666667,557.0,2923.974088842482,4.0,10901.0
0,17052.0,1707.1666666666667,564.0,2923.974088842482,11.0,10908.0
0,17068.0,1723.1666666666667,580.0,2923.974088842482,27.0,10924.0
0,17069.0,1724.1666666666667,581.0,2923.974088842482,28.0,10925.0
0,17076.0,1770.0344827586207,572.0,2966.3307124059284,7.0,10932.0
0,17110.0,1636.34375,518.0,2871.590920219302,8.0,10966.0
0,17112.0,1638.34375,520.0,2871.590920219302,10.0,10968.0
0,17115.0,1641.34375,523.0,2871.590920219302,13.0,10971.0
0,17138.0,1664.34375,546.0,2871.590920219302,1.0,10994.0
0,17173.0,1604.4848484848485,545.0,2856.295875528008,4.0,11029.0
0,17176.0,1607.4848484848485,548.0,2856.295875528008,1.0,11032.0
0,17185.0,1652.15625,559.5,2893.3347770066184,2.0,11041.0
0,17188.0,1655.15625,562.5,2893.3347770066184,5.0,11044.0
0,17189.0,1656.15625,563.5,2893.3347770066184,1.0,11045.0
0,17200.0,1667.15625,574.5,2893.3347770066184,12.0,11056.0
0,17242.0,1658.2727272727273,614.0,2863.6619941132935,2.0,11098.0
0,17261.0,1628.235294117647,587.0,2835.2638642515794,5.0,11117.0
0,17264.0,1631.235294117647,590.0,2835.2638642515794,8.0,11120.0
0,17270.0,1637.235294117647,596.0,2835.2638642515794,14.0,11126.0
0,17274.0,1641.235294117647,600.0,2835.2638642515794,18.0,11130.0
0,17280.0,1658.2121212121212,560.0,2877.1899670546163,24.0,11136.0
0,17288.0,1642.4848484848485,528.0,2887.577280836088,1.0,11144.0
0,17330.0,1684.4848484848485,570.0,2887.577280836088,4.0,11186.0
0,17341.0,1730.84375,601.0,2925.305102777476,1.0,11197.0
0,17342.0,1712.71875,522.5,2933.8850015207545,2.0,11198.0
0,17352.0,1774.6774193548388,592.0,2966.303732159874,9.0,11208.0
0,17354.0,1776.6774193548388,594.0,2966.303732159874,11.0,11210.0
0,17368.0,1646.8,628.0,2551.5030785793692,3.0,10126.0
0,17390.0,1506.3103448275863,511.0,2501.538272997696,6.0,10148.0
0,17401.0,1466.7666666666667,518.0,2474.5078659985884,1.0,10159.0
0,17404.0,1469.7666666666667,521.0,2474.5078659985884,4.0,10162.0
0,17426.0,1474.1333333333334,543.0,2483.11854641609,1.0,10184.0
0,17468.0,1516.1333333333334,585.0,2483.11854641609,7.0,10226.0
0,17473.0,1565.9310344827586,594.0,2513.6207286815466,12.0,10231.0
0,17476.0,1568.9310344827586,597.0,2513.6207286815466,1.0,10234.0
0,17490.0,1649.3333333333333,611.0,2592.654966974545,15.0,10248.0
0,17493.0,1652.3333333333333,614.0,2592.654966974545,18.0,10251.0
0,17514.0,1614.0,628.5,2564.5360900449145,12.0,10272.0
0,17521.0,1621.0,635.5,2564.5360900449145,3.0,10279.0
0,17527.0,1627.0,641.5,2564.5360900449145,9.0,10285.0
0,17533.0,1576.896551724138,641.0,2537.3589221163174,6.0,10291.0
0,17541.0,1532.2666666666667,645.5,2510.7590875182664,3.0,10299.0
0,17546.0,1537.2666666666667,650.5,2510.7590875182664,8.0,10304.0
0,17552.0,1517.0,628.0,2522.5752582100167,4.0,10310.0
0,17557.0,1526.2068965517242,608.0,2565.5958557662298,5.0,10315.0
0,17564.0,1533.2068965517242,615.0,2565.5958557662298,2.0,10322.0
0,17588.0,1557.2068965517242,639.0,2565.5958557662298,7.0,10346.0
0,17615.0,1624.5,691.0,2601.976384816522,16.0,10373.0
0,17618.0,1627.5,694.0,2601.976384816522,1.0,10376.0
0,17624.0,1669.0,725.0,2643.0560454253064,7.0,10382.0
0,17627.0,1672.0,728.0,2643.0560454253064,2.0,10385.0
0,17630.0,1607.5,638.5,2670.4698124544993,5.0,10388.0
0,17644.0,1561.7037037037037,560.0,2638.2282468692647,1.0,10402.0
0,17656.0,1517.9285714285713,564.5,2606.8489315725255,12.0,10414.0
0,17669.0,1530.9285714285713,577.5,2606.8489315725255,2.0,10427.0
0,17700.0,1508.448275862069,601.0,2577.093746521282,5.0,10458.0
0,17718.0,1497.5862068965516,617.0,2589.289298273675,2.0,10476.0
0,17720.0,1499.5862068965516,619.0,2589.289298273675,2.0,10478.0
0,17747.0,1601.2222222222222,648.0,2668.3350799263258,3.0,10505.0
0,17754.0,1608.2222222222222,655.0,2668.3350799263258,10.0,10512.0
0,17770.0,1566.2857142857142,670.0,2637.4903230308983,2.0,10528.0
0,17780.0,1522.1724137931035,679.0,2607.387939456882,7.0,10538.0
0,17784.0,1475.4,627.5,2578.1026822064323,3.0,10542.0
0,17790.0,1477.8620689655172,578.0,2622.104402615656,9.0,10548.0
0,17818.0,1181.9285714285713,520.0,2019.3880779047088,2.0,10530.0
0,17827.0,1190.9285714285713,529.0,2019.3880779047088,8.0,10539.0
0,17836.0,1199.9285714285713,538.0,2019.3880779047088,17.0,10548.0
0,17847.0,1210.9285714285713,549.0,2019.3880779047088,28.0,10559.0
0,17852.0,1209.7142857142858,554.0,2022.0507245499705,33.0,10564.0
0,17856.0,1248.888888888889,644.0,2050.7264536388857,2.0,10568.0
0,17857.0,1249.888888888889,645.0,2050.7264536388857,3.0,10569.0
0,17874.0,898.4814814814815,639.0,931.5816248354937,13.0,4311.0
0,17891.0,894.0,507.0,943.9227840359731,4.0,4328.0
0,17894.0,897.0,510.0,943.9227840359731,7.0,4331.0
0,17901.0,877.2307692307693,450.0,977.2506295211113,2.0,4338.0
0,17912.0,888.2307692307693,461.0,977.2506295211113,3.0,4349.0
0,17942.0,884.7407407407408,440.0,974.0682002357752,9.0,4379.0
0,17946.0,888.7407407407408,444.0,974.0682002357752,13.0,4383.0
0,17962.0,804.0714285714286,447.5,764.409152248203,6.0,2617.0
0,17967.0,778.6428571428571,452.5,712.7396446251661,11.0,2622.0
0,17984.0,678.0,449.0,649.765199756662,2.0,2639.0
0,17989.0,683.0,454.0,649.765199756662,5.0,2644.0
0,17998.0,692.0,463.0,649.765199756662,14.0,2653.0
0,18019.0,687.6785714285714,477.5,651.4815014132583,4.0,2674.0
0,18032.0,707.925925925926,484.0,662.3269823509145,4.0,2687.0
0,18047.0,722.925925925926,499.0,662.3269823509145,9.0,2702.0
0,18052.0,727.925925925926,504.0,662.3269823509145,4.0,2707.0
0,18076.0,751.925925925926,528.0,662.3269823509145,28.0,2731.0
0,18086.0,761.925925925926,538.0,662.3269823509145,38.0,2741.0
0,18092.0,767.925925925926,544.0,662.3269823509145,44.0,2747.0
0,18096.0,771.925925925926,548.0,662.3269823509145,48.0,2751.0
0,18115.0,786.6153846153846,522.5,674.5721194792283,13.0,2770.0
0,18121.0,789.5384615384615,528.5,665.6416355534325,19.0,2696.0
0,18122.0,774.4230769230769,481.5,672.1461707486483,20.0,2697.0
0,18123.0,770.1538461538462,482.5,676.3450810341221,21.0,2698.0
0,18129.0,809.4166666666666,488.5,691.1667621171866,27.0,2704.0
0,18135.0,823.3478260869565,491.0,704.9623245372857,33.0,2710.0
0,18144.0,765.96,455.0,712.670161014196,1.0,2719.0
0,18189.0,752.2962962962963,473.0,716.4465716201611,15.0,2764.0
0,18207.0,725.2857142857143,436.5,729.0549096086589,8.0,2782.0
0,18214.0,732.2857142857143,443.5,729.0549096086589,15.0,2789.0
0,18239.0,676.2068965517242,458.0,720.838705920012,1.0,2814.0
0,18257.0,671.1,459.0,719.563819268312,1.0,2832.0
0,18270.0,684.1,472.0,719.563819268312,8.0,2845.0
0,18280.0,696.1034482758621,465.0,731.7826766535119,18.0,2855.0
0,18281.0,697.1034482758621,466.0,731.7826766535119,19.0,2856.0
0,18305.0,697.8666666666667,448.0,730.283631353067,5.0,2880.0
0,18306.0,698.8666666666667,449.0,730.283631353067,6.0,2881.0
0,18314.0,706.8666666666667,457.0,730.283631353067,1.0,2889.0
0,18346.0,715.258064516129,447.0,729.9530682104173,7.0,2921.0
0,18351.0,720.258064516129,452.0,729.9530682104173,1.0,2926.0
0,18366.0,682.5483870967741,438.0,732.7772111679484,11.0,2941.0
0,18376.0,692.5483870967741,448.0,732.7772111679484,9.0,2951.0
0,18401.0,717.5483870967741,473.0,732.7772111679484,22.0,2976.0
0,18403.0,719.5483870967741,475.0,732.7772111679484,24.0,2978.0
0,18404.0,720.5483870967741,476.0,732.7772111679484,25.0,2979.0
0,18410.0,713.9354838709677,482.0,741.6863059830823,4.0,2985.0
0,18421.0,738.2068965517242,493.0,762.1969326167409,15.0,2996.0
0,18428.0,764.3214285714286,514.5,768.8280531140249,4.0,3003.0
0,18434.0,770.3214285714286,520.5,768.8280531140249,10.0,3009.0
0,18475.0,811.3214285714286,561.5,768.8280531140249,22.0,3050.0
0,18493.0,774.9666666666667,556.0,770.0989323168523,1.0,3068.0
0,18500.0,783.6896551724138,554.0,783.2071159308429,1.0,3075.0
0,18513.0,770.2,549.0,783.1447035297288,2.0,3088.0
0,18521.0,778.2,557.0,783.1447035297288,10.0,3096.0
0,18522.0,779.2,558.0,783.1447035297288,11.0,3097.0
0,18528.0,786.5172413793103,546.0,796.5000863990971,5.0,3103.0
0,18556.0,807.1428571428571,493.5,809.6251652235529,6.0,3131.0
0,18581.0,789.1071428571429,426.5,805.1544367957224,2.0,3156.0
0,18604.0,784.4137931034483,438.0,804.6074869684053,7.0,3179.0
0,18616.0,802.2142857142857,438.0,818.2534255151927,3.0,3191.0
0,18619.0,805.2142857142857,441.0,818.2534255151927,6.0,3194.0
0,18638.0,800.0,445.0,831.7286645466606,6.0,3213.0
0,18640.0,802.0,447.0,831.7286645466606,8.0,3215.0
0,18641.0,803.0,448.0,831.7286645466606,1.0,3216.0
0,18650.0,782.3571428571429,433.0,845.0644191119276,5.0,3225.0
0,18662.0,767.0344827586207,424.0,842.8590295171108,2.0,3237.0
0,18701.0,805.9310344827586,463.0,842.9530985044427,38.0,3276.0
0,18705.0,809.9310344827586,467.0,842.9530985044427,42.0,3280.0
0,18715.0,813.5357142857143,468.0,857.1821977578986,6.0,3290.0
0,18722.0,820.5357142857143,475.0,857.1821977578986,13.0,3297.0
0,18727.0,770.6666666666666,458.5,853.1856903524709,1.0,3302.0
0,18730.0,773.6666666666666,461.5,853.1856903524709,2.0,3305.0
0,18731.0,774.6666666666666,462.5,853.1856903524709,3.0,3306.0
0,18733.0,751.6451612903226,452.0,850.4273137811215,1.0,3308.0
0,18741.0,756.9,456.0,864.3497883765962,2.0,3316.0
0,18764.0,779.9,479.0,864.3497883765962,7.0,3339.0
0,18766.0,781.9,481.0,864.3497883765962,9.0,3341.0
0,18779.0,794.9,494.0,864.3497883765962,22.0,3354.0
0,18795.0,808.9655172413793,506.0,879.0622151595894,15.0,3370.0
0,18803.0,822.5714285714286,489.0,894.1125459906931,23.0,3378.0
0,18815.0,834.5714285714286,501.0,894.1125459906931,3.0,3390.0
0,18845.0,864.5714285714286,531.0,894.1125459906931,8.0,3420.0
0,18855.0,888.3333333333334,566.0,907.6029479409544,18.0,3430.0
0,18875.0,876.5714285714286,561.0,906.4004723777072,12.0,3450.0
0,18882.0,883.5714285714286,568.0,906.4004723777072,1.0,3457.0
0,18887.0,898.1111111111111,548.0,921.651711083536,3.0,3462.0
0,18890.0,901.1111111111111,551.0,921.651711083536,6.0,3465.0
0,18891.0,902.1111111111111,552.0,921.651711083536,7.0,3466.0
0,18900.0,935.5384615384615,586.0,930.5922527231797,16.0,3475.0
0,18901.0,936.5384615384615,587.0,930.5922527231797,17.0,3476.0
0,18904.0,912.1923076923077,557.0,947.1179773490479,3.0,3479.0
0,18927.0,839.52,521.0,922.4624055212224,5.0,3502.0
0,18956.0,805.7777777777778,478.0,914.940448713116,5.0,3531.0
0,18963.0,783.8214285714286,484.0,910.9652672370363,2.0,3538.0
0,18981.0,749.2333333333333,485.5,901.8046234572589,2.0,3556.0
0,18990.0,645.5333333333333,437.0,740.9074046209973,11.0,2897.0
0,19008.0,657.1,455.0,745.7093423937597,9.0,2915.0
0,19013.0,662.1,460.0,745.7093423937597,14.0,2920.0
0,19034.0,680.1785714285714,414.0,771.7606519035098,4.0,2941.0
0,19060.0,682.7241379310345,415.0,768.4264215131005,5.0,2967.0
0,19064.0,686.7241379310345,419.0,768.4264215131005,2.0,2971.0
0,19080.0,679.6,426.0,765.7046253832698,6.0,2987.0
0,19083.0,682.6,429.0,765.7046253832698,2.0,2990.0
0,19092.0,691.6,438.0,765.7046253832698,2.0,2999.0
0,19094.0,693.6,440.0,765.7046253832698,1.0,3001.0
0,19099.0,652.3225806451613,375.0,772.2108347861238,3.0,3006.0
0,19128.0,658.8666666666667,403.5,774.9543527775613,32.0,3035.0
0,19135.0,683.1724137931035,411.0,782.4821720549477,7.0,3042.0
0,19153.0,634.3225806451613,421.0,776.6178695449687,1.0,3060.0
0,19155.0,636.3225806451613,423.0,776.6178695449687,3.0,3062.0
0,19169.0,650.3225806451613,437.0,776.6178695449687,1.0,3076.0
0,19180.0,640.875,386.0,772.8185730655028,7.0,3087.0
0,19186.0,646.875,392.0,772.8185730655028,13.0,3093.0
0,19191.0,669.7741935483871,459.0,778.6285589948612,4.0,3098.0
0,19197.0,637.8666666666667,403.0,762.8399453504138,10.0,3104.0
0,19206.0,646.8666666666667,412.0,762.8399453504138,19.0,3113.0
0,19214.0,652.0689655172414,358.0,775.7295534342776,2.0,3121.0
0,19226.0,669.8928571428571,356.0,788.8371341631263,14.0,3133.0
0,19240.0,663.4285714285714,345.5,798.7153716424639,4.0,3147.0
0,19242.0,665.4285714285714,347.5,798.7153716424639,6.0,3149.0
0,19244.0,667.4285714285714,349.5,798.7153716424639,1.0,3151.0
0,19260.0,677.1111111111111,355.0,812.6846836637985,17.0,3167.0
0,19316.0,733.1111111111111,411.0,812.6846836637985,1.0,3223.0
0,19330.0,720.75,416.5,809.7105578538543,1.0,3237.0
0,19339.0,729.75,425.5,809.7105578538543,8.0,3246.0
0,19341.0,731.75,427.5,809.7105578538543,10.0,3248.0
0,19351.0,741.75,437.5,809.7105578538543,2.0,3258.0
0,19353.0,743.75,439.5,809.7105578538543,2.0,3260.0
0,19358.0,742.3333333333334,431.0,827.6929561314568,3.0,3265.0
0,19377.0,748.6666666666666,450.0,836.3553648397889,5.0,3284.0
0,19400.0,771.6666666666666,473.0,836.3553648397889,1.0,3307.0
0,19401.0,772.6666666666666,474.0,836.3553648397889,2.0,3308.0
0,19408.0,764.7037037037037,481.0,846.4065136106757,1.0,3315.0
0,19437.0,765.4642857142857,502.5,844.008102624565,3.0,3344.0
0,19479.0,793.2962962962963,537.0,856.2198927851987,45.0,3386.0
0,19484.0,798.2962962962963,542.0,856.2198927851987,50.0,3391.0
0,19485.0,799.2962962962963,543.0,856.2198927851987,1.0,3392.0
0,19488.0,802.2962962962963,546.0,856.2198927851987,4.0,3395.0
0,19525.0,849.1538461538462,581.0,871.025553467233,7.0,3432.0
0,19537.0,861.1538461538462,593.0,871.025553467233,19.0,3444.0
0,19542.0,877.56,615.0,886.3691817747276,5.0,3449.0
0,19546.0,881.56,619.0,886.3691817747276,9.0,3453.0
0,19548.0,883.56,621.0,886.3691817747276,11.0,3455.0
0,19551.0,886.56,624.0,886.3691817747276,14.0,3458.0
0,19556.0,891.56,629.0,886.3691817747276,19.0,3463.0
0,19559.0,894.56,632.0,886.3691817747276,1.0,3466.0
0,19572.0,768.76,607.0,730.882440889094,9.0,3292.0
0,19576.0,790.7916666666666,630.0,740.4853126591296,13.0,3296.0
0,19601.0,783.72,636.0,742.3422132682473,7.0,3321.0
0,19611.0,793.72,646.0,742.3422132682473,10.0,3331.0
0,19614.0,796.72,649.0,742.3422132682473,13.0,3334.0
0,19616.0,798.72,651.0,742.3422132682473,15.0,3336.0
0,19627.0,765.36,593.0,755.7289397661042,7.0,3347.0
0,19631.0,769.36,597.0,755.7289397661042,2.0,3351.0
0,19649.0,761.375,596.5,760.2911620173331,7.0,3369.0
0,19660.0,772.375,607.5,760.2911620173331,3.0,3380.0
0,19681.0,793.375,628.5,760.2911620173331,13.0,3401.0
0,19697.0,810.1304347826087,626.0,776.6345626202407,2.0,3417.0
0,19712.0,825.1304347826087,641.0,776.6345626202407,17.0,3432.0
0,19722.0,800.625,638.5,778.0834794812614,7.0,3442.0
0,19726.0,804.625,642.5,778.0834794812614,11.0,3446.0
0,19742.0,784.3333333333334,626.0,794.330990344845,3.0,3462.0
0,19753.0,803.7826086956521,657.0,810.3588553722058,14.0,3473.0
0,19768.0,818.7826086956521,672.0,810.3588553722058,12.0,3488.0
0,19775.0,824.5454545454545,659.0,828.550197484779,3.0,3495.0
0,19780.0,829.5454545454545,664.0,828.550197484779,2.0,3500.0
0,19798.0,839.952380952381,702.0,860.3385533055316,4.0,3518.0
0,19816.0,722.16,495.0,847.6811041895413,5.0,3536.0
0,19833.0,684.8518518518518,471.0,837.976562197814,2.0,3553.0
0,19840.0,684.8076923076923,442.0,853.1546446179239,4.0,3560.0
0,19846.0,667.9615384615385,347.5,860.2584352645355,6.0,3566.0
0,19871.0,687.5769230769231,372.5,864.1259333559113,1.0,3591.0
0,19876.0,692.5769230769231,377.5,864.1259333559113,4.0,3596.0
0,19878.0,694.5769230769231,379.5,864.1259333559113,6.0,3598.0
0,19895.0,701.32,332.0,879.6856584030459,4.0,3615.0
0,19896.0,702.32,333.0,879.6856584030459,5.0,3616.0
0,19903.0,709.32,340.0,879.6856584030459,5.0,3623.0
0,19922.0,675.1111111111111,335.0,867.1301467242531,2.0,3642.0
0,19923.0,676.1111111111111,336.0,867.1301467242531,3.0,3643.0
0,19934.0,707.8076923076923,359.0,877.0798586231282,6.0,3654.0
0,19950.0,696.0,363.0,872.2410896756232,4.0,3670.0
0,19958.0,679.0714285714286,354.5,866.2630303522724,6.0,3678.0
0,19968.0,643.5333333333333,300.5,854.0587307413676,5.0,3688.0
0,19971.0,625.7096774193549,256.0,847.8770526190461,1.0,3691.0
0,19993.0,612.4193548387096,266.0,850.7053154994028,15.0,3713.0
0,19995.0,614.4193548387096,268.0,850.7053154994028,17.0,3715.0
0,19996.0,615.4193548387096,269.0,850.7053154994028,18.0,3716.0
0,20024.0,621.516129032258,223.0,857.602504772151,10.0,3744.0
0,20043.0,639.4193548387096,242.0,858.3873392248508,2.0,3763.0
0,20045.0,641.4193548387096,244.0,858.3873392248508,4.0,3765.0
0,20051.0,660.8333333333334,287.0,869.3743759483342,6.0,3771.0
0,20053.0,662.8333333333334,289.0,869.3743759483342,8.0,3773.0
0,20060.0,669.8333333333334,296.0,869.3743759483342,15.0,3780.0
0,20061.0,670.8333333333334,297.0,869.3743759483342,16.0,3781.0
0,20072.0,660.8333333333334,267.0,877.7481447178088,8.0,3792.0
0,20089.0,635.9375,279.0,865.2272077863421,7.0,3809.0
0,20120.0,646.8484848484849,309.0,859.5620492070937,4.0,3840.0
0,20138.0,648.6060606060606,315.0,866.5952863166863,12.0,3858.0
0,20139.0,649.6060606060606,316.0,866.5952863166863,13.0,3859.0
0,20158.0,683.0625,341.0,876.1045149374303,6.0,3878.0
0,20165.0,686.4193548387096,342.0,889.8844714504327,7.0,3885.0
0,20170.0,691.4193548387096,347.0,889.8844714504327,4.0,3890.0
0,20181.0,680.65625,354.0,884.2116760628857,6.0,3901.0
0,20182.0,681.65625,355.0,884.2116760628857,7.0,3902.0
0,20192.0,691.65625,365.0,884.2116760628857,17.0,3912.0
0,20218.0,697.6875,367.5,892.5771128276537,1.0,3938.0
0,20226.0,671.8787878787879,314.0,893.7373269311548,1.0,3946.0
0,20242.0,687.8787878787879,330.0,893.7373269311548,3.0,3962.0
0,20252.0,658.2571428571429,309.0,882.624636050493,1.0,3972.0
0,20277.0,683.2571428571429,334.0,882.624636050493,9.0,3997.0
0,20282.0,688.2571428571429,339.0,882.624636050493,14.0,4002.0
0,20303.0,690.1111111111111,358.5,877.6198486619544,3.0,4023.0
0,20305.0,692.1111111111111,360.5,877.6198486619544,5.0,4025.0
0,20311.0,683.3428571428572,365.0,885.6472997710979,2.0,4031.0
0,20335.0,676.9705882352941,381.5,880.4284546973879,1.0,4055.0
0,20342.0,683.9705882352941,388.5,880.4284546973879,8.0,4062.0
0,20349.0,671.4,388.0,875.2309801254916,2.0,4069.0
0,20363.0,691.0588235294117,401.0,887.3774626649442,3.0,4083.0
0,20367.0,695.0588235294117,405.0,887.3774626649442,7.0,4087.0
0,20371.0,697.4848484848485,408.0,900.6754745059354,3.0,4091.0
0,20383.0,609.4242424242424,413.0,758.2638874749797,4.0,4103.0
0,20387.0,626.5625,420.5,766.3129230893538,8.0,4107.0
0,20392.0,631.5625,425.5,766.3129230893538,13.0,4112.0
0,20396.0,635.5625,429.5,766.3129230893538,4.0,4116.0
0,20419.0,658.5625,452.5,766.3129230893538,16.0,4139.0
0,20427.0,666.5625,460.5,766.3129230893538,24.0,4147.0
0,20440.0,659.3030303030303,470.0,763.2658492671372,11.0,4160.0
0,20445.0,664.3030303030303,475.0,763.2658492671372,5.0,4165.0
0,20461.0,686.21875,490.5,774.3548013659097,8.0,4181.0
0,20489.0,712.6774193548387,511.0,786.6969489518276,12.0,4209.0
0,20500.0,723.6774193548387,522.0,786.6969489518276,23.0,4220.0
0,20509.0,709.9375,503.0,784.5902966477154,5.0,4229.0
0,20512.0,712.9375,506.0,784.5902966477154,3.0,4232.0
0,20515.0,716.7096774193549,481.0,797.132570572573,6.0,4235.0
0,20519.0,720.7096774193549,485.0,797.132570572573,10.0,4239.0
0,20526.0,745.8666666666667,520.0,803.9782639405673,17.0,4246.0
0,20536.0,732.4,487.0,815.3148103646837,1.0,4256.0
0,20537.0,733.4,488.0,815.3148103646837,2.0,4257.0
0,20541.0,737.4,492.0,815.3148103646837,6.0,4261.0
0,20563.0,740.5666666666667,490.5,825.5867280640815,13.0,4283.0
0,20569.0,746.5666666666667,496.5,825.5867280640815,19.0,4289.0
0,20577.0,758.8275862068965,496.0,839.3759615072634,27.0,4297.0
0,20593.0,774.8275862068965,512.0,839.3759615072634,8.0,4313.0
0,20610.0,765.6666666666666,528.5,837.2062801696817,7.0,4330.0
0,20620.0,775.6666666666666,538.5,837.2062801696817,2.0,4340.0
0,20624.0,765.9666666666667,525.0,841.5529883627187,3.0,4344.0
0,20628.0,786.0,546.0,851.4226228839709,7.0,4348.0
0,20629.0,787.0,547.0,851.4226228839709,8.0,4349.0
0,20671.0,801.9,572.0,849.7378164273181,8.0,4391.0
0,20674.0,804.9,575.0,849.7378164273181,11.0,4394.0
0,20678.0,764.6129032258065,555.0,857.4666993409529,3.0,4398.0
0,20679.0,789.5666666666667,559.5,861.3769087274683,1.0,4399.0
0,20681.0,791.5666666666667,561.5,861.3769087274683,3.0,4401.0
0,20689.0,796.5172413793103,566.0,875.9431417813425,8.0,4409.0
0,20690.0,797.5172413793103,567.0,875.9431417813425,1.0,4410.0
0,20698.0,778.2413793103449,523.0,885.2471953688657,8.0,4418.0
0,20712.0,829.7777777777778,589.0,904.9861604562159,6.0,4432.0
0,20716.0,833.7777777777778,593.0,904.9861604562159,3.0,4436.0
0,20739.0,826.9642857142857,590.0,902.0802340836925,3.0,4459.0
0,20740.0,827.9642857142857,591.0,902.0802340836925,4.0,4460.0
0,20745.0,832.9642857142857,596.0,902.0802340836925,3.0,4465.0
0,20749.0,844.7777777777778,574.0,917.7026603641871,7.0,4469.0
0,20757.0,852.7777777777778,582.0,917.7026603641871,3.0,4477.0
0,20763.0,865.5769230769231,574.5,934.5167065665926,2.0,4483.0
0,20767.0,837.4814814814815,565.0,931.5359825009989,3.0,4487.0
0,20769.0,839.4814814814815,567.0,931.5359825009989,5.0,4489.0
0,20782.0,858.0,562.0,967.8161395637086,18.0,4502.0
0,20797.0,898.4583333333334,586.0,979.5370070925795,33.0,4517.0
0,20808.0,873.4,588.0,975.8677779289569,8.0,4528.0
0,20837.0,807.6785714285714,602.5,961.7961639398382,9.0,4557.0
0,20850.0,792.448275862069,606.0,956.8009768983198,2.0,4570.0
0,20851.0,793.448275862069,607.0,956.8009768983198,3.0,4571.0
0,20860.0,802.448275862069,616.0,956.8009768983198,4.0,4580.0
0,20866.0,815.1071428571429,612.0,973.0763198406862,5.0,4586.0
0,20872.0,821.1071428571429,618.0,973.0763198406862,11.0,4592.0
0,20875.0,795.7241379310345,592.0,967.8756295335401,1.0,4595.0
0,20897.0,765.3548387096774,468.0,957.1376868083528,5.0,4617.0
0,20915.0,759.28125,448.5,951.551208368965,13.0,4635.0
0,20916.0,760.28125,449.5,951.551208368965,14.0,4636.0
0,20920.0,764.28125,453.5,951.551208368965,18.0,4640.0
0,20930.0,778.3870967741935,426.0,966.4979574572262,1.0,4650.0
0,20951.0,799.3870967741935,447.0,966.4979574572262,2.0,4671.0
0,20957.0,806.1666666666666,433.5,982.4646247518987,8.0,4677.0
0,20959.0,808.1666666666666,435.5,982.4646247518987,10.0,4679.0
0,20987.0,810.7,414.0,993.3029799613007,21.0,4707.0
0,20995.0,792.516129032258,392.0,987.6189637111013,6.0,4715.0
0,21009.0,826.4333333333333,436.0,997.8009381746552,20.0,4729.0
0,21028.0,818.6774193548387,425.0,992.4549030819511,1.0,4748.0
0,21030.0,820.6774193548387,427.0,992.4549030819511,3.0,4750.0
0,21048.0,839.0333333333333,419.0,1008.8582815352323,2.0,4768.0
0,21075.0,838.4193548387096,420.0,1003.9117932655479,5.0,4795.0
0,21080.0,843.4193548387096,425.0,1003.9117932655479,4.0,4800.0
0,21085.0,858.6333333333333,420.5,1018.9207193016647,9.0,4805.0
0,21117.0,862.5806451612904,443.0,1014.0600215802443,2.0,4837.0
0,21120.0,865.5806451612904,446.0,1014.0600215802443,5.0,4840.0
0,21121.0,866.5806451612904,447.0,1014.0600215802443,6.0,4841.0
0,21130.0,875.5806451612904,456.0,1014.0600215802443,4.0,4850.0
0,21139.0,856.96875,443.5,1009.8602466546732,1.0,4859.0
0,21149.0,879.0,432.0,1023.759264797181,11.0,4869.0
0,21154.0,884.0,437.0,1023.759264797181,16.0,4874.0
0,21184.0,877.90625,443.5,1025.4002072171322,6.0,4904.0
0,21189.0,904.9032258064516,472.0,1034.3497678482158,2.0,4909.0
0,21230.0,945.9032258064516,513.0,1034.3497678482158,17.0,4950.0
0,21233.0,948.9032258064516,516.0,1034.3497678482158,20.0,4953.0
0,21234.0,949.9032258064516,517.0,1034.3497678482158,21.0,4954.0
0,21238.0,911.4193548387096,474.0,1037.1455795469492,25.0,4958.0
0,21241.0,937.9333333333333,500.5,1046.129307919862,28.0,4961.0
0,21256.0,963.2758620689655,492.0,1062.5040980546273,7.0,4976.0
0,21263.0,937.9666666666667,472.0,1059.035928988667,1.0,4983.0
0,21287.0,903.125,469.0,1050.426126329215,14.0,5007.0
0,21289.0,905.125,471.0,1050.426126329215,2.0,5009.0
0,21299.0,915.125,481.0,1050.426126329215,3.0,5019.0
0,21301.0,917.125,483.0,1050.426126329215,1.0,5021.0
0,21321.0,937.125,503.0,1050.426126329215,1.0,5041.0
0,21324.0,940.125,506.0,1050.426126329215,4.0,5044.0
0,21326.0,942.125,508.0,1050.426126329215,6.0,5046.0
0,21339.0,983.6451612903226,521.0,1054.969027167641,9.0,5059.0
0,21344.0,988.6451612903226,526.0,1054.969027167641,14.0,5064.0
0,21346.0,990.6451612903226,528.0,1054.969027167641,16.0,5066.0
0,21349.0,984.7096774193549,531.0,1056.726570473676,1.0,5069.0
0,21356.0,1003.1,538.0,1072.3206097058846,7.0,5076.0
0,21375.0,1038.1379310344828,557.0,1087.1089062639853,3.0,5095.0
0,21377.0,1040.1379310344828,559.0,1087.1089062639853,5.0,5097.0
0,21400.0,886.9310344827586,580.0,788.3400251438193,10.0,2920.0
0,21427.0,855.9032258064516,579.0,793.8584563379493,9.0,2947.0
0,21437.0,874.1333333333333,576.0,805.6789159184666,19.0,2957.0
0,21438.0,875.1333333333333,577.0,805.6789159184666,20.0,2958.0
0,21456.0,909.75,587.0,831.2053049208549,6.0,2976.0
0,21458.0,911.75,589.0,831.2053049208549,8.0,2978.0
0,21485.0,938.75,616.0,831.2053049208549,5.0,3005.0
0,21499.0,952.75,630.0,831.2053049208549,12.0,3019.0
0,21501.0,954.75,632.0,831.2053049208549,14.0,3021.0
0,21515.0,935.4827586206897,625.0,835.503384119507,4.0,3035.0
0,21532.0,952.4827586206897,642.0,835.503384119507,17.0,3052.0
0,21537.0,925.7333333333333,646.0,839.0648339404743,3.0,3057.0
0,21542.0,910.4827586206897,576.0,858.7906340610676,8.0,3062.0
0,21544.0,931.1428571428571,615.0,868.1956130095222,10.0,3064.0
0,21545.0,932.1428571428571,616.0,868.1956130095222,11.0,3065.0
0,21565.0,919.4137931034483,599.0,870.4970643948751,3.0,3085.0
0,21573.0,906.6206896551724,561.0,884.983514897822,4.0,3093.0
0,21582.0,915.6206896551724,570.0,884.983514897822,13.0,3102.0
0,21586.0,876.6551724137931,521.0,879.0472615226598,17.0,3106.0
0,21603.0,879.9655172413793,538.0,889.4403309155791,16.0,3123.0
0,21613.0,860.3333333333334,532.5,888.9307559584653,1.0,3133.0
0,21615.0,862.3333333333334,534.5,888.9307559584653,3.0,3135.0
0,21617.0,864.3333333333334,536.5,888.9307559584653,5.0,3137.0
0,21640.0,898.1034482758621,544.0,902.2007707144594,5.0,3160.0
0,21649.0,907.1034482758621,553.0,902.2007707144594,4.0,3169.0
0,21656.0,914.1034482758621,560.0,902.2007707144594,6.0,3176.0
0,21666.0,926.8928571428571,549.0,918.0472808897042,10.0,3186.0
0,21671.0,937.5555555555555,533.0,934.4132773240683,15.0,3191.0
0,21672.0,938.5555555555555,534.0,934.4132773240683,16.0,3192.0
0,21684.0,930.7407407407408,528.0,948.3505990458182,11.0,3204.0
0,21685.0,931.7407407407408,529.0,948.3505990458182,12.0,3205.0
0,21704.0,853.3793103448276,442.0,959.2670482804908,3.0,3224.0
0,21709.0,829.9,445.5,955.5319059734913,4.0,3229.0
0,21716.0,836.9,452.5,955.5319059734913,11.0,3236.0
0,21725.0,793.34375,397.5,947.3167899841834,2.0,3245.0
0,21732.0,802.9354838709677,342.0,962.3631510751782,2.0,3252.0
0,21743.0,813.9354838709677,353.0,962.3631510751782,5.0,3263.0
0,21777.0,821.65625,378.5,958.4411369958708,1.0,3297.0
0,21781.0,825.65625,382.5,958.4411369958708,2.0,3301.0
0,21787.0,808.0967741935484,380.0,964.6141249171059,3.0,3307.0
0,21800.0,821.0967741935484,393.0,964.6141249171059,16.0,3320.0
0,21805.0,835.5333333333333,392.5,979.1506092300385,29.0,3325.0
0,21809.0,839.5333333333333,396.5,979.1506092300385,2.0,3329.0
0,21819.0,849.5333333333333,406.5,979.1506092300385,12.0,3339.0
0,21826.0,856.5333333333333,413.5,979.1506092300385,19.0,3346.0
0,21845.0,875.5333333333333,432.5,979.1506092300385,10.0,3365.0
0,21859.0,889.5333333333333,446.5,979.1506092300385,24.0,3379.0
0,21868.0,898.5333333333333,455.5,979.1506092300385,2.0,3388.0
0,21871.0,901.5333333333333,458.5,979.1506092300385,5.0,3391.0
0,21922.0,949.7931034482758,504.0,995.7763347850535,16.0,3442.0
0,21928.0,955.7931034482758,510.0,995.7763347850535,3.0,3448.0
0,21934.0,968.8928571428571,469.5,1012.6805778754338,3.0,3454.0
0,21941.0,942.448275862069,430.0,1010.682070348838,6.0,3461.0
0,21942.0,943.448275862069,431.0,1010.682070348838,7.0,3462.0
0,21968.0,937.6,446.5,1008.386850370432,14.0,3488.0
0,21993.0,932.2258064516129,461.0,1005.8431131972247,8.0,3513.0
0,21999.0,938.2258064516129,467.0,1005.8431131972247,14.0,3519.0
0,22015.0,954.2258064516129,483.0,1005.8431131972247,2.0,3535.0
0,22021.0,960.2258064516129,489.0,1005.8431131972247,8.0,3541.0
0,22028.0,974.0333333333333,481.0,1021.7669820245492,15.0,3548.0
0,22037.0,983.0333333333333,490.0,1021.7669820245492,24.0,3557.0
0,22038.0,984.0333333333333,491.0,1021.7669820245492,25.0,3558.0
0,22042.0,988.0333333333333,495.0,1021.7669820245492,29.0,3562.0
0,22043.0,989.0333333333333,496.0,1021.7669820245492,30.0,3563.0
0,22061.0,944.875,495.5,1018.1906363127683,3.0,3581.0
0,22066.0,949.875,500.5,1018.1906363127683,8.0,3586.0
0,22080.0,963.875,514.5,1018.1906363127683,12.0,3600.0
0,22083.0,966.875,517.5,1018.1906363127683,15.0,3603.0
0,22086.0,969.875,520.5,1018.1906363127683,18.0,3606.0
0,22095.0,978.875,529.5,1018.1906363127683,1.0,3615.0
0,22097.0,951.1818181818181,528.0,1016.617220492922,1.0,3617.0
0,22112.0,1007.0645161290323,543.0,1033.421281097291,4.0,3632.0
0,22123.0,1018.0645161290323,554.0,1033.421281097291,1.0,3643.0
0,22133.0,1044.1,567.5,1046.7028979928673,5.0,3653.0
0,22139.0,1061.448275862069,570.0,1062.780464766892,1.0,3659.0
0,22150.0,1036.8,559.5,1062.4054906986628,2.0,3670.0
0,22157.0,1010.2258064516129,545.0,1061.184417698585,3.0,3677.0
0,22163.0,1016.2258064516129,551.0,1061.184417698585,9.0,3683.0
0,22188.0,1009.1875,545.5,1059.5949237061066,11.0,3708.0
0,22189.0,1010.1875,546.5,1059.5949237061066,12.0,3709.0
0,22208.0,931.5806451612904,535.0,983.2151923480945,5.0,3728.0
0,22224.0,947.5806451612904,551.0,983.2151923480945,2.0,3744.0
0,22247.0,924.15625,564.5,992.9044235654999,8.0,3767.0
0,22265.0,942.15625,582.5,992.9044235654999,8.0,3785.0
0,22266.0,943.15625,583.5,992.9044235654999,1.0,3786.0
0,22270.0,846.15625,573.5,916.3753362219749,4.0,3790.0
0,22294.0,820.0882352941177,585.0,911.2938561268439,2.0,3814.0
0,22297.0,823.0882352941177,588.0,911.2938561268439,5.0,3817.0
0,22301.0,827.0882352941177,592.0,911.2938561268439,9.0,3821.0
0,22309.0,842.375,589.0,938.8442279606346,5.0,3829.0
0,22313.0,846.375,593.0,938.8442279606346,3.0,3833.0
0,22323.0,856.375,603.0,938.8442279606346,7.0,3843.0
0,22333.0,891.2903225806451,616.0,943.3964785352972,5.0,3853.0
0,22343.0,901.2903225806451,626.0,943.3964785352972,15.0,3863.0
0,22345.0,903.2903225806451,628.0,943.3964785352972,17.0,3865.0
0,22390.0,928.5,670.0,952.6395523316606,7.0,3910.0
0,22394.0,932.5,674.0,952.6395523316606,11.0,3914.0
0,22399.0,944.2857142857143,655.5,984.7204047394388,5.0,3919.0
0,22405.0,950.2857142857143,661.5,984.7204047394388,11.0,3925.0
0,22412.0,924.4827586206897,642.0,983.0392569664842,3.0,3932.0
0,22430.0,959.1428571428571,686.5,996.408576348281,7.0,3950.0
0,22438.0,975.3333333333334,668.0,1013.7668297913406,15.0,3958.0
0,22454.0,899.3461538461538,601.5,915.852983764219,31.0,3974.0
0,22462.0,830.074074074074,527.0,870.2844543883732,8.0,3982.0
0,22473.0,828.4230769230769,519.5,884.4231572080851,2.0,3993.0
0,22475.0,830.4230769230769,521.5,884.4231572080851,4.0,3995.0
0,22514.0,839.6538461538462,503.5,899.2616177178874,12.0,4034.0
0,22523.0,787.2592592592592,427.0,909.6485928171746,4.0,4043.0
0,22533.0,769.0714285714286,411.5,905.1858107818617,8.0,4053.0
0,22540.0,749.4827586206897,393.0,900.5011486212841,3.0,4060.0
0,22546.0,761.9642857142857,395.5,915.7755293482466,9.0,4066.0
0,22557.0,772.9642857142857,406.5,915.7755293482466,5.0,4077.0
0,22588.0,817.4074074074074,434.0,929.8632420060593,5.0,4108.0
0,22600.0,798.925925925926,428.0,942.7442183220738,6.0,4120.0
0,22613.0,783.1071428571429,430.5,937.7894729966131,1.0,4133.0
0,22618.0,788.1071428571429,435.5,937.7894729966131,6.0,4138.0
0,22634.0,776.5172413793103,441.0,932.9720999890122,4.0,4154.0
0,22638.0,780.5172413793103,445.0,932.9720999890122,3.0,4158.0
0,22645.0,761.3666666666667,434.5,928.0377680293452,3.0,4165.0
0,22648.0,764.3666666666667,437.5,928.0377680293452,1.0,4168.0
0,22680.0,724.78125,411.0,927.0231838516432,2.0,4200.0
0,22683.0,727.78125,414.0,927.0231838516432,5.0,4203.0
0,22691.0,713.7272727272727,419.0,921.3547098579406,8.0,4211.0
0,22696.0,718.7272727272727,424.0,921.3547098579406,13.0,4216.0
0,22716.0,717.0588235294117,441.0,916.1993406644158,1.0,4236.0
0,22719.0,720.0588235294117,444.0,916.1993406644158,1.0,4239.0
0,22758.0,681.2121212121212,352.0,874.163557179983,10.0,4278.0
0,22763.0,666.1176470588235,333.0,868.9140201391987,3.0,4283.0
0,22768.0,671.1176470588235,338.0,868.9140201391987,1.0,4288.0
0,22775.0,678.1176470588235,345.0,868.9140201391987,6.0,4295.0
0,22791.0,694.1176470588235,361.0,868.9140201391987,22.0,4311.0
0,22801.0,704.1176470588235,371.0,868.9140201391987,32.0,4321.0
0,22812.0,718.030303030303,358.0,881.8175955428646,7.0,4332.0
0,22845.0,729.6176470588235,372.5,877.4179034733905,1.0,4365.0
0,22849.0,712.7142857142857,358.0,873.3398151081062,2.0,4369.0
0,22877.0,740.7142857142857,386.0,873.3398151081062,12.0,4397.0
0,22883.0,691.6111111111111,366.5,863.9143243843937,2.0,4403.0
0,22884.0,705.6,370.0,872.6961572375251,3.0,4404.0
0,22887.0,708.6,373.0,872.6961572375251,6.0,4407.0
0,22888.0,709.6,374.0,872.6961572375251,7.0,4408.0
0,22897.0,697.6,378.0,880.6632630336882,8.0,4417.0
0,22900.0,700.6,381.0,880.6632630336882,11.0,4420.0
0,22905.0,705.6,386.0,880.6632630336882,1.0,4425.0
0,22914.0,735.3636363636364,395.0,902.5285630729556,10.0,4434.0
0,22938.0,737.5294117647059,416.0,897.9601470029371,6.0,4458.0
0,22953.0,732.2727272727273,428.0,903.7784078347521,21.0,4473.0
0,22956.0,713.7058823529412,426.0,898.9664499861448,2.0,4476.0
0,22985.0,742.2727272727273,450.0,912.4820055586409,9.0,4505.0
0,22989.0,746.2727272727273,454.0,912.4820055586409,13.0,4509.0
0,22992.0,749.2727272727273,457.0,912.4820055586409,16.0,4512.0
0,22993.0,750.2727272727273,458.0,912.4820055586409,17.0,4513.0
0,22999.0,768.75,469.0,923.853546294,4.0,4519.0
0,23000.0,769.75,470.0,923.853546294,1.0,4520.0
0,23015.0,784.4,451.0,954.0526749958132,3.0,4535.0
0,23025.0,794.4,461.0,954.0526749958132,13.0,4545.0
0,23043.0,766.8333333333334,442.5,958.9650005199471,3.0,4563.0
0,23068.0,742.90625,439.5,947.6549464129533,1.0,4588.0
0,23075.0,752.516129032258,426.0,962.7051895559298,6.0,4595.0
0,23085.0,762.516129032258,436.0,962.7051895559298,5.0,4605.0
0,23088.0,765.516129032258,439.0,962.7051895559298,8.0,4608.0
0,23096.0,773.516129032258,447.0,962.7051895559298,3.0,4616.0
0,23097.0,774.516129032258,448.0,962.7051895559298,4.0,4617.0
0,23114.0,741.6129032258065,448.0,962.0862974309916,1.0,4634.0
0,23117.0,744.6129032258065,451.0,962.0862974309916,1.0,4637.0
0,23126.0,743.4666666666667,454.0,982.1058915525465,4.0,4646.0
0,23128.0,745.4666666666667,456.0,982.1058915525465,6.0,4648.0
0,23139.0,732.258064516129,461.0,975.1921553490464,4.0,4659.0
0,23146.0,739.258064516129,468.0,975.1921553490464,11.0,4666.0
0,23161.0,709.030303030303,478.0,961.8064281040819,2.0,4681.0
0,23164.0,712.030303030303,481.0,961.8064281040819,5.0,4684.0
0,23182.0,730.030303030303,499.0,961.8064281040819,23.0,4702.0
0,23199.0,725.2647058823529,500.5,955.7704101873104,7.0,4719.0
0,23213.0,718.3714285714286,499.0,949.8626994229755,8.0,4733.0
0,23232.0,737.3714285714286,518.0,949.8626994229755,7.0,4752.0
0,23239.0,744.3714285714286,525.0,949.8626994229755,1.0,4759.0
0,23244.0,749.3714285714286,530.0,949.8626994229755,6.0,4764.0
0,23262.0,746.3714285714286,514.0,958.3886204223744,2.0,4782.0
0,23278.0,767.1470588235294,524.0,971.9698958165845,8.0,4798.0
0,23288.0,754.5588235294117,497.0,980.6656860093877,6.0,4808.0
0,23302.0,768.5588235294117,511.0,980.6656860093877,11.0,4822.0
0,23315.0,781.5588235294117,524.0,980.6656860093877,8.0,4835.0
0,23319.0,764.6764705882352,484.5,989.5501568772439,1.0,4839.0
0,23324.0,760.4411764705883,489.5,990.3809781260492,1.0,4844.0
0,23326.0,769.7575757575758,479.0,1004.3691229671891,1.0,4846.0
0,23327.0,770.7575757575758,480.0,1004.3691229671891,2.0,4847.0
0,23333.0,797.03125,498.5,1013.2705859115015,5.0,4853.0
0,23351.0,815.0,504.0,1029.4839295930378,7.0,4871.0
0,23364.0,835.0666666666667,500.0,1045.7614429474609,20.0,4884.0
0,23368.0,812.0967741935484,487.0,1039.3075968919577,2.0,4888.0
0,23371.0,815.0967741935484,490.0,1039.3075968919577,1.0,4891.0
0,23384.0,850.2413793103449,503.0,1070.149897820391,1.0,4904.0
0,23389.0,855.2413793103449,508.0,1070.149897820391,1.0,4909.0
0,23405.0,843.551724137931,516.0,1081.6513424551176,9.0,4925.0
0,23417.0,855.551724137931,528.0,1081.6513424551176,4.0,4937.0
0,23448.0,857.2,526.5,1075.153396807482,6.0,4968.0
0,23456.0,865.2,534.5,1075.153396807482,8.0,4976.0
0,23457.0,866.2,535.5,1075.153396807482,9.0,4977.0
0,23469.0,898.9310344827586,580.0,1087.6222065631405,10.0,4989.0
0,23483.0,860.2857142857143,561.5,1069.9508953065774,24.0,5003.0
0,23485.0,862.2857142857143,563.5,1069.9508953065774,26.0,5005.0
0,23489.0,836.551724137931,535.0,1063.0495361412518,4.0,5009.0
0,23490.0,837.551724137931,536.0,1063.0495361412518,5.0,5010.0
0,23503.0,858.7142857142857,500.5,1080.972672349929,18.0,5023.0
0,23522.0,877.7142857142857,519.5,1080.972672349929,1.0,5042.0
0,23528.0,883.7142857142857,525.5,1080.972672349929,4.0,5048.0
0,23552.0,907.7142857142857,549.5,1080.972672349929,9.0,5072.0
0,23555.0,910.7142857142857,552.5,1080.972672349929,12.0,5075.0
0,23575.0,899.2413793103449,524.0,1075.1483507957341,11.0,5095.0
0,23581.0,905.2413793103449,530.0,1075.1483507957341,1.0,5101.0
0,23595.0,897.2413793103449,528.0,1087.0780086582758,3.0,5115.0
0,23621.0,896.1724137931035,512.0,1099.536801189499,14.0,5141.0
0,23625.0,900.1724137931035,516.0,1099.536801189499,18.0,5145.0
0,23626.0,901.1724137931035,517.0,1099.536801189499,19.0,5146.0
0,23633.0,892.0,519.0,1115.604864764274,2.0,5153.0
0,23634.0,893.0,520.0,1115.604864764274,3.0,5154.0
0,23650.0,909.0,536.0,1115.604864764274,6.0,5170.0
0,23655.0,914.0,541.0,1115.604864764274,11.0,5175.0
0,23657.0,921.4814814814815,538.0,1135.7060577706998,13.0,5177.0
0,23661.0,925.4814814814815,542.0,1135.7060577706998,17.0,5181.0
0,23666.0,866.5862068965517,533.0,1120.7095202483415,1.0,5186.0
0,23672.0,885.0,546.0,1138.585808297795,7.0,5192.0
0,23688.0,901.0,562.0,1138.585808297795,23.0,5208.0
0,23690.0,903.0,564.0,1138.585808297795,25.0,5210.0
0,23716.0,929.0,590.0,1138.585808297795,4.0,5236.0
0,23722.0,935.0,596.0,1138.585808297795,6.0,5242.0
0,23741.0,954.0,615.0,1138.585808297795,3.0,5261.0
0,23756.0,982.7777777777778,637.0,1157.1847169470407,18.0,5276.0
0,23765.0,956.5714285714286,639.0,1150.9641433092838,6.0,5285.0
0,23779.0,1005.7777777777778,660.0,1157.1847169470407,13.0,5299.0
0,23785.0,975.8214285714286,659.0,1151.5899894608892,2.0,5305.0
0,23788.0,978.8214285714286,662.0,1151.5899894608892,2.0,5308.0
0,23798.0,883.3333333333334,665.0,1031.358255821832,8.0,5318.0
0,23811.0,881.1153846153846,614.5,1048.0260319331132,5.0,5331.0
0,23830.0,900.1153846153846,633.5,1048.0260319331132,6.0,5350.0
0,23833.0,903.1153846153846,636.5,1048.0260319331132,9.0,5353.0
0,23835.0,891.8076923076923,564.0,1051.8722874815164,11.0,5355.0
0,23838.0,927.5833333333334,630.5,1088.202834825485,14.0,5358.0
0,23858.0,802.68,540.0,1030.7777925430871,9.0,5378.0
0,23869.0,813.68,551.0,1030.7777925430871,20.0,5389.0
0,23871.0,815.68,553.0,1030.7777925430871,22.0,5391.0
0,23899.0,789.4230769230769,518.5,1034.3540969750127,5.0,5419.0
0,23928.0,719.6296296296297,486.0,1013.242435548452,3.0,5448.0
0,23929.0,720.6296296296297,487.0,1013.242435548452,4.0,5449.0
0,23938.0,703.8571428571429,474.5,1003.9560574577567,8.0,5458.0
0,23942.0,683.4827586206897,457.0,994.8903117737932,1.0,5462.0
0,23968.0,643.1290322580645,376.0,983.9087533727808,3.0,5488.0
0,23987.0,641.90625,387.5,974.9368363955367,1.0,5507.0
0,23988.0,642.90625,388.5,974.9368363955367,2.0,5508.0
0,23993.0,638.4193548387096,386.0,989.0819716899933,7.0,5513.0
0,24004.0,649.4193548387096,397.0,989.0819716899933,18.0,5524.0
0,24005.0,650.4193548387096,398.0,989.0819716899933,19.0,5525.0
0,24009.0,675.0,409.5,998.8804399593243,24.0,5529.0
0,24045.0,628.21875,383.0,981.3825303613456,2.0,5565.0
0,24067.0,588.7878787878788,287.0,969.11542789306,3.0,5587.0
0,24068.0,589.7878787878788,288.0,969.11542789306,4.0,5588.0
0,24074.0,595.7878787878788,294.0,969.11542789306,10.0,5594.0
0,24077.0,598.7878787878788,297.0,969.11542789306,13.0,5597.0
0,24084.0,584.969696969697,240.0,974.4898116558841,1.0,5604.0
0,24089.0,589.969696969697,245.0,974.4898116558841,2.0,5609.0
0,24102.0,596.8484848484849,258.0,977.5685706775213,8.0,5622.0
0,24105.0,599.8484848484849,261.0,977.5685706775213,11.0,5625.0
0,24133.0,610.1176470588235,288.5,968.4564360424845,25.0,5653.0
0,24167.0,645.1515151515151,322.0,983.002022908986,19.0,5687.0
0,24174.0,652.1515151515151,329.0,983.002022908986,26.0,5694.0
0,24192.0,670.1515151515151,347.0,983.002022908986,12.0,5712.0
0,24197.0,675.1515151515151,352.0,983.002022908986,17.0,5717.0
0,24204.0,682.1515151515151,359.0,983.002022908986,4.0,5724.0
0,24213.0,704.34375,368.5,995.362484518046,2.0,5733.0
0,24214.0,705.34375,369.5,995.362484518046,3.0,5734.0
0,24219.0,710.34375,374.5,995.362484518046,1.0,5739.0
0,24220.0,711.34375,375.5,995.362484518046,2.0,5740.0
0,24237.0,706.5151515151515,392.0,987.9126792847856,2.0,5757.0
0,24253.0,722.5151515151515,408.0,987.9126792847856,4.0,5773.0
0,24260.0,742.34375,415.5,1000.5196965007423,1.0,5780.0
0,24268.0,750.34375,423.5,1000.5196965007423,9.0,5788.0
0,24287.0,764.4193548387096,442.0,1016.1472707016551,2.0,5807.0
0,24294.0,776.1,425.5,1032.6154285760665,7.0,5814.0
0,24297.0,779.1,428.5,1032.6154285760665,3.0,5817.0
0,24317.0,802.1724137931035,425.0,1050.133425643044,4.0,5837.0
0,24337.0,794.8333333333334,438.0,1042.9267498513764,2.0,5857.0
0,24338.0,795.8333333333334,439.0,1042.9267498513764,3.0,5858.0
0,24361.0,818.8333333333334,462.0,1042.9267498513764,12.0,5881.0
0,24366.0,825.551724137931,460.0,1060.7140921358819,17.0,5886.0
0,24384.0,780.9677419354839,464.0,1051.587846525157,2.0,5904.0
0,24394.0,799.0333333333333,469.0,1068.0269498264338,8.0,5914.0
0,24395.0,800.0333333333333,470.0,1068.0269498264338,9.0,5915.0
0,24402.0,774.4137931034483,472.0,1071.4916614231795,2.0,5922.0
0,24433.0,805.4137931034483,503.0,1071.4916614231795,17.0,5953.0
0,24485.0,829.5,546.5,1064.1526128020048,2.0,6005.0
0,24492.0,836.5,553.5,1064.1526128020048,9.0,6012.0
0,24493.0,837.5,554.5,1064.1526128020048,10.0,6013.0
0,24495.0,839.5,556.5,1064.1526128020048,12.0,6015.0
0,24502.0,834.0714285714286,546.0,1096.177349069139,7.0,6022.0
0,24510.0,850.3703703703703,545.0,1115.428273443057,6.0,6030.0
0,24514.0,854.3703703703703,549.0,1115.428273443057,10.0,6034.0
0,24520.0,829.1153846153846,530.5,1125.0145409974136,16.0,6040.0
0,24522.0,800.3703703703703,508.0,1115.0597110119643,1.0,6042.0
0,24549.0,837.64,523.0,1158.0203065577043,6.0,6069.0
0,24553.0,841.64,527.0,1158.0203065577043,10.0,6073.0
0,24556.0,844.64,530.0,1158.0203065577043,13.0,6076.0
0,24561.0,849.64,535.0,1158.0203065577043,2.0,6081.0
0,24570.0,825.8846153846154,538.5,1147.2822510653027,6.0,6090.0
0,24586.0,841.8846153846154,554.5,1147.2822510653027,3.0,6106.0
0,24611.0,878.16,574.0,1168.5894635841962,2.0,6131.0
0,24625.0,858.3461538461538,575.0,1158.301606209171,1.0,6145.0
0,24635.0,868.3461538461538,585.0,1158.301606209171,3.0,6155.0
0,24651.0,884.3461538461538,601.0,1158.301606209171,2.0,6171.0
0,24660.0,893.3461538461538,610.0,1158.301606209171,6.0,6180.0
0,24665.0,898.3461538461538,615.0,1158.301606209171,11.0,6185.0
0,24668.0,901.3461538461538,618.0,1158.301606209171,14.0,6188.0
0,24673.0,938.2,636.0,1170.0204100783883,4.0,6193.0
0,24675.0,940.2,638.0,1170.0204100783883,6.0,6195.0
0,24702.0,954.125,663.5,1206.118026027442,22.0,6222.0
0,24707.0,959.125,668.5,1206.118026027442,27.0,6227.0
0,24708.0,960.125,669.5,1206.118026027442,28.0,6228.0
0,24730.0,991.5652173913044,667.0,1231.1907218513218,6.0,6250.0
0,24750.0,931.88,667.0,1211.4396830218166,12.0,6270.0
0,24760.0,941.88,677.0,1211.4396830218166,3.0,6280.0
0,24764.0,945.88,681.0,1211.4396830218166,7.0,6284.0
0,24767.0,948.88,684.0,1211.4396830218166,10.0,6287.0
0,24776.0,957.88,693.0,1211.4396830218166,6.0,6296.0
0,24784.0,938.4,701.0,1225.1008448287023,3.0,6304.0
0,24795.0,949.4,712.0,1225.1008448287023,14.0,6315.0
0,24798.0,952.4,715.0,1225.1008448287023,17.0,6318.0
0,24802.0,956.4,719.0,1225.1008448287023,21.0,6322.0
0,24807.0,961.4,724.0,1225.1008448287023,3.0,6327.0
0,24822.0,964.92,739.0,1232.6971378242104,14.0,6342.0
0,24825.0,967.92,742.0,1232.6971378242104,17.0,6345.0
0,24846.0,988.92,763.0,1232.6971378242104,4.0,6366.0
0,24869.0,1011.92,786.0,1232.6971378242104,3.0,6389.0
0,24874.0,1001.4166666666666,718.0,1255.725949290777,3.0,6394.0
0,24876.0,1003.4166666666666,720.0,1255.725949290777,5.0,6396.0
0,24882.0,1046.9130434782608,799.0,1269.5128101154628,1.0,6402.0
0,24905.0,985.64,676.0,1250.761268348201,12.0,6425.0
0,24909.0,989.64,680.0,1250.761268348201,16.0,6429.0
0,24912.0,992.64,683.0,1250.761268348201,19.0,6432.0
0,24918.0,960.3076923076923,636.0,1241.357531378474,2.0,6438.0
0,24920.0,962.3076923076923,638.0,1241.357531378474,1.0,6440.0
0,24939.0,881.0344827586207,567.0,1211.8990649548853,1.0,6459.0
0,24943.0,885.0344827586207,571.0,1211.8990649548853,5.0,6463.0
0,24955.0,897.0344827586207,583.0,1211.8990649548853,11.0,6475.0
0,24960.0,902.0344827586207,588.0,1211.8990649548853,16.0,6480.0
0,24970.0,881.6666666666666,596.5,1202.6997223838637,1.0,6490.0
0,24977.0,888.6666666666666,603.5,1202.6997223838637,8.0,6497.0
0,24985.0,896.6666666666666,611.5,1202.6997223838637,16.0,6505.0
0,24992.0,903.6666666666666,618.5,1202.6997223838637,3.0,6512.0
0,24993.0,904.6666666666666,619.5,1202.6997223838637,4.0,6513.0
0,25001.0,912.6666666666666,627.5,1202.6997223838637,12.0,6521.0
0,25002.0,913.6666666666666,628.5,1202.6997223838637,13.0,6522.0
0,25008.0,890.0322580645161,633.0,1194.224312529617,1.0,6528.0
0,25025.0,878.8125,646.5,1185.871342028194,4.0,6545.0
0,25066.0,898.21875,642.5,1196.0343257609447,3.0,6586.0
0,25074.0,906.21875,650.5,1196.0343257609447,11.0,6594.0
0,25095.0,927.21875,671.5,1196.0343257609447,13.0,6615.0
0,25099.0,931.21875,675.5,1196.0343257609447,17.0,6619.0
0,25109.0,941.21875,685.5,1196.0343257609447,2.0,6629.0
0,25131.0,934.6666666666666,666.0,1188.7963524829509,1.0,6651.0
0,25141.0,944.6666666666666,676.0,1188.7963524829509,2.0,6661.0
0,25152.0,961.25,613.5,1206.8022569998782,13.0,6672.0
0,25157.0,958.15625,511.0,1209.4800047276258,18.0,6677.0
0,25177.0,995.0967741935484,565.0,1225.0905787404563,2.0,6697.0
0,25191.0,1003.4516129032259,579.0,1229.2756282621624,5.0,6711.0
0,25204.0,985.0,558.0,1222.5225713662714,6.0,6724.0
0,25208.0,959.1515151515151,528.0,1215.6403754802257,4.0,6728.0
0,25209.0,960.1515151515151,529.0,1215.6403754802257,5.0,6729.0
0,25218.0,969.1515151515151,538.0,1215.6403754802257,14.0,6738.0
0,25236.0,987.1515151515151,556.0,1215.6403754802257,9.0,6756.0
0,25250.0,1001.1515151515151,570.0,1215.6403754802257,23.0,6770.0
0,25251.0,1002.1515151515151,571.0,1215.6403754802257,24.0,6771.0
0,25256.0,1037.0,610.0,1222.5225713662714,4.0,6776.0
0,25275.0,1074.1290322580646,663.0,1237.8432529341296,11.0,6795.0
0,25282.0,1081.1290322580646,670.0,1237.8432529341296,18.0,6802.0
0,25289.0,1088.1290322580646,677.0,1237.8432529341296,25.0,6809.0
0,25297.0,1096.1290322580646,685.0,1237.8432529341296,33.0,6817.0
0,25320.0,1119.1290322580646,708.0,1237.8432529341296,3.0,6840.0
0,25340.0,1139.1290322580646,728.0,1237.8432529341296,1.0,6860.0
0,25345.0,1174.4333333333334,848.0,1246.9411556106231,4.0,6865.0
0,25346.0,1175.4333333333334,849.0,1246.9411556106231,5.0,6866.0
0,25363.0,1140.8620689655172,751.0,1263.3546946219442,3.0,6883.0
0,25379.0,1145.5714285714287,733.0,1284.2782138665457,9.0,6899.0
0,25387.0,1153.5714285714287,741.0,1284.2782138665457,17.0,6907.0
0,25408.0,1118.1724137931035,728.0,1290.8747119676725,7.0,6928.0
0,25409.0,1119.1724137931035,729.0,1290.8747119676725,8.0,6929.0
0,25413.0,1123.1724137931035,733.0,1290.8747119676725,2.0,6933.0
0,25426.0,1136.1724137931035,746.0,1290.8747119676725,2.0,6946.0
0,25434.0,1106.1,727.0,1285.631371479917,1.0,6954.0
0,25445.0,1117.1,738.0,1285.631371479917,1.0,6965.0
0,25447.0,1119.1,740.0,1285.631371479917,3.0,6967.0
0,25449.0,1121.1,742.0,1285.631371479917,5.0,6969.0
0,25451.0,1123.1,744.0,1285.631371479917,7.0,6971.0
0,25459.0,1178.75,813.0,1316.9483563201275,3.0,6979.0
0,25484.0,904.0344827586207,750.0,745.3854121218383,2.0,2818.0
0,25524.0,884.741935483871,640.0,755.4681935510071,4.0,2858.0
0,25537.0,897.741935483871,653.0,755.4681935510071,17.0,2871.0
0,25538.0,898.741935483871,654.0,755.4681935510071,18.0,2872.0
0,25549.0,909.741935483871,665.0,755.4681935510071,6.0,2883.0
0,25559.0,919.741935483871,675.0,755.4681935510071,16.0,2893.0
0,25560.0,920.741935483871,676.0,755.4681935510071,17.0,2894.0
0,25563.0,894.96875,674.5,760.6323637431144,3.0,2897.0
0,25569.0,935.0,760.0,770.9203590514392,9.0,2903.0
0,25570.0,936.0,761.0,770.9203590514392,10.0,2904.0
0,25595.0,930.1290322580645,711.0,777.0052410640478,4.0,2929.0
0,25621.0,926.90625,732.5,781.8845566712118,8.0,2955.0
0,25630.0,935.90625,741.5,781.8845566712118,4.0,2964.0
0,25636.0,941.90625,747.5,781.8845566712118,10.0,2970.0
0,25647.0,952.90625,758.5,781.8845566712118,21.0,2981.0
0,25660.0,965.90625,771.5,781.8845566712118,12.0,2994.0
0,25664.0,969.90625,775.5,781.8845566712118,3.0,2998.0
0,25684.0,989.90625,795.5,781.8845566712118,9.0,3018.0
0,25686.0,991.90625,797.5,781.8845566712118,11.0,3020.0
0,25687.0,992.90625,798.5,781.8845566712118,12.0,3021.0
0,25694.0,1013.8620689655172,810.0,792.1503133282623,19.0,3028.0
0,25707.0,992.7333333333333,818.5,800.2272982652422,3.0,3041.0
0,25708.0,993.7333333333333,819.5,800.2272982652422,4.0,3042.0
0,25755.0,1051.3103448275863,871.0,811.8429907421278,3.0,3089.0
0,25765.0,1061.3103448275863,881.0,811.8429907421278,5.0,3099.0
0,25774.0,1070.3103448275863,890.0,811.8429907421278,8.0,3108.0
0,25779.0,1048.2068965517242,886.0,825.4094649203048,13.0,3113.0
0,25797.0,1021.6333333333333,892.5,843.3285039387413,3.0,3131.0
0,25806.0,997.5483870967741,890.0,849.1756852576988,5.0,3140.0
0,25811.0,1002.5483870967741,895.0,849.1756852576988,10.0,3145.0
0,25816.0,1010.0666666666667,761.0,863.0987171555498,3.0,3150.0
0,25818.0,1012.0666666666667,763.0,863.0987171555498,5.0,3152.0
0,25830.0,1024.0666666666666,775.0,863.0987171555498,8.0,3164.0
0,25839.0,960.7666666666667,562.0,854.9698506705108,1.0,3173.0
0,25858.0,979.7666666666667,581.0,854.9698506705108,9.0,3192.0
0,25859.0,980.7666666666667,582.0,854.9698506705108,10.0,3193.0
0,25884.0,948.2857142857143,607.0,769.4939365370899,7.0,2751.0
0,25890.0,971.4074074074074,696.0,778.3592077193065,13.0,2757.0
0,25906.0,952.3571428571429,629.0,785.732697836217,6.0,2773.0
0,25919.0,965.3571428571429,642.0,785.732697836217,7.0,2786.0
0,25921.0,967.3571428571429,644.0,785.732697836217,2.0,2788.0
0,25933.0,988.2592592592592,573.0,798.7632381140324,6.0,2800.0
0,25938.0,993.2592592592592,578.0,798.7632381140324,11.0,2805.0
0,25948.0,967.6785714285714,567.5,805.8646223410085,2.0,2815.0
0,25967.0,986.6785714285714,586.5,805.8646223410085,7.0,2834.0
0,25983.0,1000.2962962962963,582.0,820.5555396741809,4.0,2850.0
0,26002.0,1019.2962962962963,601.0,820.5555396741809,23.0,2869.0
0,26028.0,973.6551724137931,561.0,834.3645641573725,2.0,2895.0
0,26031.0,976.6551724137931,564.0,834.3645641573725,1.0,2898.0
0,26033.0,978.6551724137931,566.0,834.3645641573725,3.0,2900.0
0,26053.0,1013.3928571428571,616.0,845.4161417941596,2.0,2920.0
0,26059.0,984.3448275862069,586.0,851.1620566091847,3.0,2926.0
0,26061.0,986.3448275862069,588.0,851.1620566091847,5.0,2928.0
0,26068.0,968.6071428571429,579.5,855.9231165107944,12.0,2935.0
0,26082.0,949.1379310344828,578.0,859.4809068565118,10.0,2949.0
0,26088.0,970.3928571428571,599.5,870.827863065851,16.0,2955.0
0,26095.0,915.3333333333334,591.0,823.7652038725058,4.0,2962.0
0,26114.0,901.5357142857143,566.5,826.6784433650668,2.0,2981.0
0,26121.0,919.3333333333334,530.0,839.9070054343979,7.0,2988.0
0,26143.0,947.4230769230769,547.5,855.3215397676668,3.0,3010.0
0,26157.0,961.4230769230769,561.5,855.3215397676668,1.0,3024.0
0,26161.0,965.4230769230769,565.5,855.3215397676668,5.0,3028.0
0,26181.0,981.4230769230769,585.5,859.6338296076516,7.0,3048.0
0,26183.0,983.4230769230769,587.5,859.6338296076516,9.0,3050.0
0,26194.0,957.8518518518518,594.0,863.9298970061258,3.0,3061.0
0,26204.0,967.8518518518518,604.0,863.9298970061258,8.0,3071.0
0,26205.0,968.8518518518518,605.0,863.9298970061258,9.0,3072.0
0,26206.0,969.8518518518518,606.0,863.9298970061258,10.0,3073.0
0,26209.0,972.8518518518518,609.0,863.9298970061258,2.0,3076.0
0,26219.0,1004.3076923076923,623.5,873.2995243165988,12.0,3086.0
0,26225.0,1010.3076923076923,629.5,873.2995243165988,18.0,3092.0
0,26227.0,974.8518518518518,627.0,877.9989329152254,1.0,3094.0
0,26230.0,977.8518518518518,630.0,877.9989329152254,4.0,3097.0
0,26247.0,1021.3461538461538,651.5,884.069477878281,6.0,3114.0
0,26251.0,1025.3461538461538,655.5,884.069477878281,2.0,3118.0
0,26259.0,1056.08,668.0,894.0942196435452,10.0,3126.0
0,26284.0,1081.08,693.0,894.0942196435452,35.0,3151.0
0,26295.0,1050.1153846153845,699.5,901.4898065434656,1.0,3162.0
0,26313.0,1068.1153846153845,717.5,901.4898065434656,8.0,3180.0
0,26324.0,1079.1153846153845,728.5,901.4898065434656,7.0,3191.0
0,26331.0,1046.0,731.0,907.9784219984607,1.0,3198.0
0,26357.0,1072.0,757.0,907.9784219984607,20.0,3224.0
0,26358.0,1073.0,758.0,907.9784219984607,21.0,3225.0
0,26370.0,1089.4615384615386,718.0,924.9843337870535,3.0,3237.0
0,26391.0,1070.111111111111,687.0,930.719806399698,4.0,3258.0
0,26403.0,1082.111111111111,699.0,930.719806399698,2.0,3270.0
0,26415.0,1094.111111111111,711.0,930.719806399698,2.0,3282.0
0,26462.0,1029.6,646.5,944.2099554654144,4.0,3329.0
0,26463.0,1030.6,647.5,944.2099554654144,5.0,3330.0
0,26487.0,1063.9655172413793,657.0,958.9804745327599,8.0,3354.0
0,26495.0,1077.9642857142858,630.0,975.4201103020342,16.0,3362.0
0,26501.0,1011.8666666666667,540.5,980.197794098495,2.0,3368.0
0,26503.0,1013.8666666666667,542.5,980.197794098495,4.0,3370.0
0,26517.0,994.9032258064516,496.0,981.0159103914712,1.0,3384.0
0,26534.0,1011.9032258064516,513.0,981.0159103914712,17.0,3401.0
0,26536.0,1013.9032258064516,515.0,981.0159103914712,19.0,3403.0
0,26537.0,1014.9032258064516,516.0,981.0159103914712,20.0,3404.0
0,26568.0,1076.0666666666666,607.5,982.988875262019,9.0,3435.0
0,26575.0,1083.0666666666666,614.5,982.988875262019,6.0,3442.0
0,26593.0,1112.7241379310344,572.0,997.7523670576203,17.0,3460.0
0,26600.0,1119.7241379310344,579.0,997.7523670576203,6.0,3467.0
0,26606.0,1125.7241379310344,585.0,997.7523670576203,12.0,3473.0
0,26618.0,1087.8214285714287,596.5,979.2066049895202,24.0,3485.0
0,26620.0,1089.8214285714287,598.5,979.2066049895202,26.0,3487.0
0,26636.0,1068.0,614.0,982.7689594132523,6.0,3503.0
0,26664.0,1096.0,642.0,982.7689594132523,11.0,3531.0
0,26666.0,1098.0,644.0,982.7689594132523,13.0,3533.0
0,26679.0,1091.0,657.0,999.1170239697684,1.0,3546.0
0,26691.0,1054.4642857142858,652.0,982.6343776568482,1.0,3558.0
0,26693.0,1056.4642857142858,654.0,982.6343776568482,1.0,3560.0
0,26701.0,1016.2592592592592,645.0,967.6093714653655,9.0,3568.0
0,26708.0,1041.36,534.0,1002.884953721014,16.0,3575.0
0,26748.0,1096.1666666666667,567.5,1020.8842844427678,15.0,3615.0
0,26771.0,1075.04,584.0,1023.351571259848,9.0,3638.0
0,26776.0,1053.64,550.0,1040.6659360236597,14.0,3643.0
0,26786.0,1105.0416666666667,579.5,1041.7569485876038,4.0,3653.0
0,26830.0,957.08,536.0,920.1514188436597,3.0,2883.0
0,26832.0,959.08,538.0,920.1514188436597,5.0,2885.0
0,26871.0,925.7777777777778,543.0,921.5887382499504,6.0,2924.0
0,26881.0,871.3793103448276,511.0,920.1838801919114,1.0,2934.0
0,26897.0,858.1333333333333,493.0,918.3236079339837,10.0,2950.0
0,26899.0,860.1333333333333,495.0,918.3236079339837,12.0,2952.0
0,26912.0,877.7931034482758,474.0,933.6738106962323,10.0,2965.0
0,26922.0,847.0357142857143,481.5,924.5035533479906,20.0,2975.0
0,26941.0,836.7931034482758,498.0,921.5084477435802,1.0,2994.0
0,26953.0,848.7931034482758,510.0,921.5084477435802,5.0,3006.0
0,26986.0,826.258064516129,488.0,916.0319394256222,9.0,3039.0
0,26999.0,816.3666666666667,500.5,922.4101576245183,6.0,3052.0
0,27002.0,819.3666666666667,503.5,922.4101576245183,1.0,3055.0
0,27014.0,831.3666666666667,515.5,922.4101576245183,8.0,3067.0
0,27018.0,808.483870967742,519.0,919.27937664265,2.0,3071.0
0,27019.0,809.483870967742,520.0,919.27937664265,3.0,3072.0
0,27021.0,810.7333333333333,516.0,934.465763001632,1.0,3074.0
0,27024.0,815.3103448275862,513.0,951.0891797428982,4.0,3077.0
0,27031.0,814.2758620689655,520.0,956.9573512837345,2.0,3084.0
0,27032.0,815.2758620689655,521.0,956.9573512837345,3.0,3085.0
0,27033.0,816.2758620689655,522.0,956.9573512837345,4.0,3086.0
0,27041.0,834.074074074074,414.0,991.0485627719212,7.0,3094.0
0,27057.0,850.074074074074,430.0,991.0485627719212,23.0,3110.0
0,27058.0,851.074074074074,431.0,991.0485627719212,24.0,3111.0
0,27087.0,905.9615384615385,518.0,1000.9290484640615,1.0,3140.0
0,27102.0,920.9615384615385,533.0,1000.9290484640615,1.0,3155.0
0,27114.0,932.9615384615385,545.0,1000.9290484640615,2.0,3167.0
0,27126.0,944.9615384615385,557.0,1000.9290484640615,1.0,3179.0
0,27129.0,947.9615384615385,560.0,1000.9290484640615,4.0,3182.0
0,27149.0,967.9615384615385,580.0,1000.9290484640615,1.0,3202.0
0,27153.0,982.24,526.0,1019.4049746788565,2.0,3206.0
0,27154.0,983.24,527.0,1019.4049746788565,3.0,3207.0
0,27158.0,989.5416666666666,505.5,1040.362195710652,7.0,3211.0
0,27160.0,991.5416666666666,507.5,1040.362195710652,9.0,3213.0
0,27174.0,1019.9130434782609,496.0,1060.4034471367172,1.0,3227.0
0,27192.0,995.0416666666666,457.0,1058.2419965508311,6.0,3245.0
0,27198.0,961.04,406.0,1055.2176450382167,1.0,3251.0
0,27226.0,951.0769230769231,419.5,1051.9923194760913,2.0,3279.0
0,27259.0,984.0769230769231,452.5,1051.9923194760913,8.0,3312.0
0,27261.0,986.0769230769231,454.5,1051.9923194760913,10.0,3314.0
0,27267.0,955.4444444444445,446.0,1049.0899877842394,3.0,3320.0
0,27277.0,931.1428571428571,450.0,1045.4908865588218,5.0,3330.0
0,27278.0,932.1428571428571,451.0,1045.4908865588218,6.0,3331.0
0,27305.0,926.1724137931035,472.0,1042.0159198256213,2.0,3358.0
0,27314.0,935.1724137931035,481.0,1042.0159198256213,11.0,3367.0
0,27326.0,956.0357142857143,477.0,1059.3854175937122,23.0,3379.0
0,27361.0,991.0357142857143,512.0,1059.3854175937122,10.0,3414.0
0,27377.0,972.4827586206897,512.0,1056.894951902935,5.0,3430.0
0,27378.0,973.4827586206897,513.0,1056.894951902935,1.0,3431.0
0,27382.0,977.4827586206897,517.0,1056.894951902935,1.0,3435.0
0,27395.0,983.5862068965517,530.0,1062.5894694092378,12.0,3448.0
0,27399.0,987.5862068965517,534.0,1062.5894694092378,16.0,3452.0
0,27428.0,1016.5862068965517,563.0,1062.5894694092378,3.0,3481.0
0,27432.0,1020.5862068965517,567.0,1062.5894694092378,7.0,3485.0
0,27435.0,1023.5862068965517,570.0,1062.5894694092378,10.0,3488.0
0,27440.0,1028.5862068965516,575.0,1062.5894694092378,15.0,3493.0
0,27446.0,1008.3103448275862,568.0,1078.1640558246668,6.0,3499.0
0,27472.0,978.5666666666667,567.0,1089.0876819103635,2.0,3525.0
0,27475.0,981.5666666666667,570.0,1089.0876819103635,3.0,3528.0
0,27481.0,987.5666666666667,576.0,1089.0876819103635,9.0,3534.0
0,27493.0,1009.8620689655172,570.0,1106.2696473731744,2.0,3546.0
0,27507.0,1023.8620689655172,584.0,1106.2696473731744,16.0,3560.0
0,27510.0,1041.2857142857142,569.0,1123.1685682269874,19.0,3563.0
0,27548.0,1067.0714285714287,607.0,1132.8401075101788,1.0,3601.0
0,27552.0,1084.111111111111,593.0,1151.562588425713,1.0,3605.0
0,27557.0,1050.3214285714287,592.0,1148.634439347481,3.0,3610.0
0,27565.0,1075.0740740740741,594.0,1166.348176398071,3.0,3618.0
0,27576.0,1086.0740740740741,605.0,1166.348176398071,14.0,3629.0
0,27589.0,1099.0740740740741,618.0,1166.348176398071,11.0,3642.0
0,27616.0,1015.3,595.0,1155.3233645463363,6.0,3669.0
0,27646.0,1001.8214285714286,625.0,1125.046032504938,5.0,3699.0
0,27650.0,1005.8214285714286,629.0,1125.046032504938,3.0,3703.0
0,27659.0,1014.8214285714286,638.0,1125.046032504938,3.0,3712.0
0,27680.0,1000.4137931034483,654.0,1121.2432298566646,4.0,3733.0
0,27686.0,1013.5,561.0,1140.4515239901382,10.0,3739.0
0,27709.0,1001.0689655172414,485.0,1136.19118507268,2.0,3762.0
0,27710.0,1002.0689655172414,486.0,1136.19118507268,3.0,3763.0
0,27723.0,1022.75,479.0,1155.5622510585176,16.0,3776.0
0,27730.0,1029.75,486.0,1155.5622510585176,5.0,3783.0
0,27747.0,1046.75,503.0,1155.5622510585176,22.0,3800.0
0,27753.0,1052.75,509.0,1155.5622510585176,2.0,3806.0
0,27780.0,1009.1,512.0,1147.2499684027016,6.0,3833.0
0,27799.0,1028.1,531.0,1147.2499684027016,4.0,3852.0
0,27815.0,1052.896551724138,543.0,1165.8673652849131,20.0,3868.0
0,27831.0,1068.896551724138,559.0,1165.8673652849131,36.0,3884.0
0,27835.0,1072.896551724138,563.0,1165.8673652849131,2.0,3888.0
0,27844.0,1099.8214285714287,557.0,1182.5707183194293,1.0,3897.0
0,27845.0,1100.8214285714287,558.0,1182.5707183194293,2.0,3898.0
0,27848.0,1103.8214285714287,561.0,1182.5707183194293,2.0,3901.0
0,27856.0,1092.142857142857,528.5,1196.195388790337,3.0,3909.0
0,27861.0,1097.142857142857,533.5,1196.195388790337,8.0,3914.0
0,27878.0,1012.2962962962963,495.0,1092.448110974369,6.0,3931.0
0,27883.0,1017.2962962962963,500.0,1092.448110974369,11.0,3936.0
0,27895.0,1029.2962962962963,512.0,1092.448110974369,23.0,3948.0
0,27897.0,1031.2962962962963,514.0,1092.448110974369,25.0,3950.0
0,27912.0,1050.3461538461538,500.5,1113.0596066113542,1.0,3965.0
0,27920.0,1058.3461538461538,508.5,1113.0596066113542,5.0,3973.0
0,27922.0,1060.3461538461538,510.5,1113.0596066113542,7.0,3975.0
0,27932.0,1070.3461538461538,520.5,1113.0596066113542,8.0,3985.0
0,27934.0,1072.3461538461538,522.5,1113.0596066113542,1.0,3987.0
0,27962.0,1023.1428571428571,511.0,1108.1040988452082,15.0,4015.0
0,27971.0,1044.4814814814815,509.0,1126.5476061473494,24.0,4024.0
0,27976.0,1049.4814814814815,514.0,1126.5476061473494,29.0,4029.0
0,27984.0,1083.1153846153845,533.0,1140.2542674240242,5.0,4037.0
0,27992.0,1104.04,530.0,1160.9667516341715,13.0,4045.0
0,28031.0,1143.04,569.0,1160.9667516341715,4.0,4084.0
0,28056.0,1168.04,594.0,1160.9667516341715,2.0,4109.0
0,28073.0,1140.0,607.5,1160.48209478117,2.0,4126.0
0,28077.0,1144.0,611.5,1160.48209478117,6.0,4130.0
0,28081.0,1148.0,615.5,1160.48209478117,10.0,4134.0
0,28092.0,1116.2222222222222,623.0,1159.4906714950107,1.0,4145.0
0,28097.0,1121.2222222222222,628.0,1159.4906714950107,6.0,4150.0
0,28139.0,1122.0714285714287,635.0,1158.5012463329947,9.0,4192.0
0,28143.0,1126.0714285714287,639.0,1158.5012463329947,13.0,4196.0
0,28145.0,1128.0714285714287,641.0,1158.5012463329947,2.0,4198.0
0,28154.0,1137.0714285714287,650.0,1158.5012463329947,4.0,4207.0
0,28179.0,1094.2222222222222,625.0,1175.74084866091,19.0,4232.0
0,28207.0,1122.2222222222222,653.0,1175.74084866091,47.0,4260.0
0,28223.0,980.2592592592592,628.0,1019.7161040135811,1.0,4160.0
0,28228.0,985.2592592592592,633.0,1019.7161040135811,6.0,4165.0
0,28232.0,989.2592592592592,637.0,1019.7161040135811,3.0,4169.0
0,28250.0,981.5555555555555,645.0,1035.8569661497613,2.0,4187.0
0,28257.0,988.5555555555555,652.0,1035.8569661497613,9.0,4194.0
0,28261.0,992.5555555555555,656.0,1035.8569661497613,13.0,4198.0
0,28263.0,1000.8076923076923,577.5,1055.7347794575173,1.0,4200.0
0,28287.0,1042.44,616.0,1072.8819163356236,20.0,4224.0
0,28290.0,1005.2692307692307,604.5,1071.0488948722652,1.0,4227.0
0,28291.0,994.4230769230769,561.5,1076.9427230350857,2.0,4228.0
0,28294.0,1024.72,594.0,1089.4148344868452,5.0,4231.0
0,28361.0,977.8214285714286,601.0,1080.6407178009665,11.0,4298.0
0,28372.0,988.8214285714286,612.0,1080.6407178009665,22.0,4309.0
0,28376.0,992.8214285714286,616.0,1080.6407178009665,26.0,4313.0
0,28384.0,1009.0370370370371,623.0,1099.6116311539265,34.0,4321.0
0,28398.0,1023.0370370370371,637.0,1099.6116311539265,4.0,4335.0
0,28400.0,1025.037037037037,639.0,1099.6116311539263,6.0,4337.0
0,28406.0,1052.6923076923076,646.0,1114.8944679009815,12.0,4343.0
0,28416.0,1062.6923076923076,656.0,1114.8944679009815,8.0,4353.0
0,28434.0,1096.92,673.0,1133.9587618604128,6.0,4371.0
0,28444.0,1106.92,683.0,1133.9587618604128,7.0,4381.0
0,28445.0,1065.3461538461538,638.0,1132.1305287040311,1.0,4382.0
0,28453.0,1033.6666666666667,600.0,1129.2406494828479,2.0,4390.0
0,28459.0,1039.6666666666667,606.0,1129.2406494828479,2.0,4396.0
0,28467.0,1047.6666666666667,614.0,1129.2406494828479,4.0,4404.0
0,28483.0,1063.6666666666667,630.0,1129.2406494828479,7.0,4420.0
0,28484.0,1064.6666666666667,631.0,1129.2406494828479,8.0,4421.0
0,28489.0,1104.8076923076924,682.0,1136.1724889101185,3.0,4426.0
0,28497.0,1112.8076923076924,690.0,1136.1724889101185,3.0,4434.0
0,28516.0,1131.8076923076924,709.0,1136.1724889101185,10.0,4453.0
0,28545.0,1160.8076923076924,738.0,1136.1724889101185,39.0,4482.0
0,28553.0,1168.8076923076924,746.0,1136.1724889101185,47.0,4490.0
0,28555.0,1170.8076923076924,748.0,1136.1724889101185,49.0,4492.0
0,28569.0,1184.8076923076924,762.0,1136.1724889101185,1.0,4506.0
0,28579.0,1194.8076923076924,772.0,1136.1724889101185,4.0,4516.0
0,28582.0,1197.8076923076924,775.0,1136.1724889101185,7.0,4519.0
0,28586.0,1224.32,825.0,1152.9729127780931,11.0,4523.0
0,28592.0,1230.32,831.0,1152.9729127780931,17.0,4529.0
0,28615.0,1205.2692307692307,808.0,1155.8285924855384,3.0,4552.0
0,28616.0,1206.2692307692307,809.0,1155.8285924855384,4.0,4553.0
0,28617.0,1207.2692307692307,810.0,1155.8285924855384,5.0,4554.0
0,28628.0,1279.8333333333333,897.5,1179.2877323009661,11.0,4565.0
0,28636.0,1287.8333333333333,905.5,1179.2877323009661,4.0,4573.0
0,28658.0,1340.7391304347825,958.0,1195.0989850723593,26.0,4595.0
0,28673.0,1332.695652173913,973.0,1215.445648625929,1.0,4610.0
0,28678.0,1337.695652173913,978.0,1215.445648625929,1.0,4615.0
0,28715.0,1318.1666666666667,984.5,1220.3486068424145,8.0,4652.0
0,28718.0,1321.1666666666667,987.5,1220.3486068424145,11.0,4655.0
0,28738.0,1341.1666666666667,1007.5,1220.3486068424145,7.0,4675.0
0,28745.0,1348.1666666666667,1014.5,1220.3486068424145,14.0,4682.0
0,28765.0,1368.1666666666667,1034.5,1220.3486068424145,10.0,4702.0
0,28776.0,1324.08,1015.0,1225.76901315052,2.0,4713.0
0,28783.0,1331.08,1022.0,1225.76901315052,9.0,4720.0
0,28787.0,1298.36,853.0,1225.9104006410907,3.0,4724.0
0,28802.0,1331.8695652173913,714.0,1274.5808622018121,3.0,4739.0
0,28822.0,1296.0416666666667,700.5,1276.1472772622637,1.0,4759.0
0,28823.0,1297.0416666666667,701.5,1276.1472772622637,2.0,4760.0
0,28826.0,1300.0416666666667,704.5,1276.1472772622637,3.0,4763.0
0,28852.0,1274.0,697.0,1276.0916268042824,4.0,4789.0
0,28861.0,1283.0,706.0,1276.0916268042824,5.0,4798.0
0,28869.0,1291.0,714.0,1276.0916268042824,13.0,4806.0
0,28871.0,1293.0,716.0,1276.0916268042824,15.0,4808.0
0,28884.0,1306.0,729.0,1276.0916268042824,2.0,4821.0
0,28889.0,1311.0,734.0,1276.0916268042824,1.0,4826.0
0,28939.0,1361.0,784.0,1276.0916268042824,6.0,4876.0
0,28947.0,1369.0,792.0,1276.0916268042824,3.0,4884.0
0,28966.0,1388.0,811.0,1276.0916268042824,11.0,4903.0
0,28979.0,1401.0,824.0,1276.0916268042824,24.0,4916.0
0,28989.0,1411.0,834.0,1276.0916268042824,5.0,4926.0
0,28992.0,1414.0,837.0,1276.0916268042824,8.0,4929.0
0,29000.0,1448.4166666666667,878.5,1295.690643269278,16.0,4937.0
0,29005.0,1395.32,850.0,1301.0253716204,1.0,4942.0
0,29021.0,1365.5416666666667,819.5,1307.9768403647504,9.0,4958.0
0,29029.0,1373.5416666666667,827.5,1307.9768403647504,2.0,4966.0
0,29035.0,1421.0869565217392,880.0,1320.51577252301,8.0,4972.0
0,29041.0,1427.0869565217392,886.0,1320.51577252301,14.0,4978.0
0,29053.0,1405.9565217391305,898.0,1346.343759910065,2.0,4990.0
0,29063.0,1415.9565217391305,908.0,1346.343759910065,8.0,5000.0
0,29064.0,1416.9565217391305,909.0,1346.343759910065,9.0,5001.0
0,29098.0,1305.76,850.0,1369.965525989614,3.0,5035.0
0,29109.0,1266.4615384615386,825.5,1366.7000748791068,9.0,5046.0
0,29117.0,1274.4615384615386,833.5,1366.7000748791068,17.0,5054.0
0,29126.0,1316.08,878.0,1383.8066315782708,6.0,5063.0
0,29131.0,1321.08,883.0,1383.8066315782708,2.0,5068.0
0,29137.0,1327.08,889.0,1383.8066315782708,8.0,5074.0
0,29184.0,1374.08,936.0,1383.8066315782708,9.0,5121.0
0,29193.0,1323.6,874.0,1409.522472328838,6.0,5130.0
0,29195.0,1325.6,876.0,1409.522472328838,8.0,5132.0
0,29204.0,1334.6,885.0,1409.522472328838,1.0,5141.0
0,29213.0,1343.6,894.0,1409.522472328838,1.0,5150.0
0,29218.0,1296.8076923076924,833.0,1406.2009381316625,2.0,5155.0
0,29247.0,1305.423076923077,862.0,1421.0624457961273,4.0,5184.0
0,29259.0,1332.52,808.0,1447.1590685201127,2.0,5196.0
0,29263.0,1336.52,812.0,1447.1590685201127,6.0,5200.0
0,29271.0,1391.375,921.5,1458.3023752666431,4.0,5208.0
0,29281.0,1338.4166666666667,668.5,1484.2086251789387,3.0,5218.0
0,29285.0,1288.8,511.0,1477.7530781561582,2.0,5222.0
0,29299.0,1302.8,525.0,1477.7530781561582,16.0,5236.0
0,29303.0,1306.8,529.0,1477.7530781561582,3.0,5240.0
0,29315.0,1268.3076923076924,523.0,1470.8842387444984,6.0,5252.0
0,29345.0,1206.7857142857142,526.5,1455.2857195445176,5.0,5282.0
0,29347.0,1208.7857142857142,528.5,1455.2857195445176,7.0,5284.0
0,29370.0,1266.7407407407406,560.0,1470.4025801118041,8.0,5307.0
0,29382.0,1233.25,563.5,1463.1269504777383,3.0,5319.0
0,29386.0,1237.25,567.5,1463.1269504777383,1.0,5323.0
0,29394.0,1245.25,575.5,1463.1269504777383,9.0,5331.0
0,29400.0,1251.25,581.5,1463.1269504777383,5.0,5337.0
0,29404.0,1255.25,585.5,1463.1269504777383,9.0,5341.0
0,29405.0,1256.25,586.5,1463.1269504777383,10.0,5342.0
0,29425.0,1221.5185185185185,598.0,1474.0701619155234,1.0,5362.0
0,29438.0,1234.5185185185185,611.0,1474.0701619155234,5.0,5375.0
0,29439.0,1235.5185185185185,612.0,1474.0701619155234,6.0,5376.0
0,29448.0,1268.5,541.0,1496.9726951417651,7.0,5385.0
0,29449.0,1269.5,542.0,1496.9726951417651,8.0,5386.0
0,29464.0,1321.0,654.0,1515.2312826760144,2.0,5401.0
0,29472.0,1329.0,662.0,1515.2312826760144,10.0,5409.0
0,29512.0,1317.6923076923076,605.0,1507.790762091518,17.0,5449.0
0,29539.0,1249.0357142857142,489.5,1493.3175550274163,1.0,5476.0
0,29554.0,1264.0357142857142,504.5,1493.3175550274163,5.0,5491.0
0,29579.0,1245.2758620689656,484.0,1485.5028614870878,13.0,5516.0
0,29601.0,1267.2758620689656,506.0,1485.5028614870878,8.0,5538.0
0,29606.0,1272.2758620689656,511.0,1485.5028614870878,13.0,5543.0
0,29608.0,1274.2758620689656,513.0,1485.5028614870878,15.0,5545.0
0,29609.0,1275.2758620689656,514.0,1485.5028614870878,1.0,5546.0
0,29635.0,1298.0714285714287,494.0,1522.3790810197477,1.0,5572.0
0,29651.0,1314.0714285714287,510.0,1522.3790810197477,7.0,5588.0
0,29658.0,1321.0714285714287,517.0,1522.3790810197477,4.0,5595.0
0,29660.0,1323.0714285714287,519.0,1522.3790810197477,6.0,5597.0
0,29669.0,1332.0714285714287,528.0,1522.3790810197477,15.0,5606.0
0,29677.0,1293.9310344827586,490.0,1515.6944676885537,2.0,5614.0
0,29692.0,1331.107142857143,490.5,1537.8932328556705,3.0,5629.0
0,29715.0,1354.107142857143,513.5,1537.8932328556705,3.0,5652.0
0,29721.0,1360.107142857143,519.5,1537.8932328556705,9.0,5658.0
0,29724.0,1363.107142857143,522.5,1537.8932328556705,12.0,5661.0
0,29734.0,1373.107142857143,532.5,1537.8932328556705,1.0,5671.0
0,29753.0,1428.0,566.0,1554.5546462405714,3.0,5690.0
0,29757.0,1432.0,570.0,1554.5546462405714,2.0,5694.0
0,29761.0,1436.0,574.0,1554.5546462405714,3.0,5698.0
0,29771.0,1480.2692307692307,630.0,1574.128197244731,13.0,5708.0
0,29791.0,1500.2692307692307,650.0,1574.128197244731,5.0,5728.0
0,29793.0,1502.2692307692307,652.0,1574.128197244731,7.0,5730.0
0,29813.0,1522.2692307692307,672.0,1574.128197244731,13.0,5750.0
0,29817.0,1526.2692307692307,676.0,1574.128197244731,1.0,5754.0
0,29821.0,1530.2692307692307,680.0,1574.128197244731,5.0,5758.0
0,29856.0,1536.8076923076924,626.5,1594.964745673342,21.0,5793.0
0,29878.0,1448.2142857142858,600.5,1587.8308059637045,8.0,5815.0
0,29894.0,1414.0689655172414,611.0,1582.616818830053,10.0,5831.0
0,29907.0,1452.3214285714287,611.0,1604.8787460555443,5.0,5844.0
0,29911.0,1406.1379310344828,602.0,1599.167126418127,1.0,5848.0
0,29935.0,1430.1379310344828,626.0,1599.167126418127,15.0,5872.0
0,29958.0,1381.4642857142858,640.5,1581.041643125164,16.0,5895.0
0,29964.0,1387.4642857142858,646.5,1581.041643125164,22.0,5901.0
0,29969.0,1392.4642857142858,651.5,1581.041643125164,27.0,5906.0
0,29970.0,1393.4642857142858,652.5,1581.041643125164,28.0,5907.0
0,29976.0,1399.4642857142858,658.5,1581.041643125164,3.0,5913.0
0,29978.0,1401.4642857142858,660.5,1581.041643125164,5.0,5915.0
0,29992.0,1415.4642857142858,674.5,1581.041643125164,5.0,5929.0
0,30011.0,1434.4642857142858,693.5,1581.041643125164,13.0,5948.0
0,30022.0,1395.9655172413793,696.0,1575.4681730610048,5.0,5959.0
0,30043.0,1416.9655172413793,717.0,1575.4681730610048,1.0,5980.0
0,30050.0,1448.9642857142858,707.0,1597.6930798172464,7.0,5987.0
0,30061.0,1459.9642857142858,718.0,1597.6930798172464,18.0,5998.0
0,30085.0,1483.9642857142858,742.0,1597.6930798172464,12.0,6022.0
0,30112.0,1488.857142857143,769.0,1613.8614897701927,3.0,6049.0
0,30113.0,1489.857142857143,770.0,1613.8614897701927,4.0,6050.0
0,30124.0,1500.857142857143,781.0,1613.8614897701927,8.0,6061.0
0,30126.0,1502.857142857143,783.0,1613.8614897701927,10.0,6063.0
0,30131.0,1507.857142857143,788.0,1613.8614897701927,2.0,6068.0
0,30137.0,1520.7777777777778,760.0,1643.0680501074664,6.0,6074.0
0,30155.0,1579.5,812.0,1660.943134533463,13.0,6092.0
0,30161.0,1585.5,818.0,1660.943134533463,5.0,6098.0
0,30165.0,1589.5,822.0,1660.943134533463,9.0,6102.0
0,30184.0,1549.0,807.0,1657.891230851208,2.0,6121.0
0,30185.0,1550.0,808.0,1657.891230851208,3.0,6122.0
0,30201.0,1591.923076923077,802.0,1684.0946191917283,7.0,6138.0
0,30207.0,1624.88,786.0,1711.9369455677977,3.0,6144.0
0,30211.0,1663.8333333333333,756.0,1738.4758810201795,7.0,6148.0
0,30228.0,1614.24,695.0,1734.3121352282583,7.0,6165.0
0,30241.0,1501.6666666666667,707.5,1654.9769300171195,7.0,6178.0
0,30255.0,1515.6666666666667,721.5,1654.9769300171195,21.0,6192.0
0,30261.0,1461.0,727.0,1648.5512912857762,2.0,6198.0
0,30263.0,1463.0,729.0,1648.5512912857762,4.0,6200.0
0,30267.0,1445.96,733.0,1662.3092727889114,4.0,6204.0
0,30285.0,1443.5,738.5,1698.9277010318401,7.0,6222.0
0,30288.0,1446.5,741.5,1698.9277010318401,10.0,6225.0
0,30308.0,1466.5,761.5,1698.9277010318401,30.0,6245.0
0,30334.0,1459.7083333333333,637.0,1719.4486150887312,8.0,6271.0
0,30345.0,1500.4782608695652,510.0,1750.3648779752039,2.0,6282.0
0,30353.0,1445.7916666666667,503.0,1739.6841183379304,4.0,6290.0
0,30354.0,1446.7916666666667,504.0,1739.6841183379304,5.0,6291.0
0,30356.0,1448.7916666666667,506.0,1739.6841183379304,7.0,6293.0
0,30357.0,1449.7916666666667,507.0,1739.6841183379304,8.0,6294.0
0,30365.0,1399.52,500.0,1728.2751197653688,1.0,6302.0
0,30379.0,1437.1666666666667,511.5,1759.9464164823,4.0,6316.0
0,30390.0,1390.52,520.0,1747.360938558488,7.0,6327.0
0,30398.0,1398.52,528.0,1747.360938558488,15.0,6335.0
0,30430.0,1376.6153846153845,553.0,1734.496891739971,5.0,6367.0
0,30440.0,1386.6153846153845,563.0,1734.496891739971,6.0,6377.0
0,30446.0,1392.6153846153845,569.0,1734.496891739971,5.0,6383.0
0,30449.0,1395.6153846153845,572.0,1734.496891739971,2.0,6386.0
0,30455.0,1401.6153846153845,578.0,1734.496891739971,8.0,6392.0
0,30477.0,1423.6153846153845,600.0,1734.496891739971,11.0,6414.0
0,30479.0,1425.6153846153845,602.0,1734.496891739971,13.0,6416.0
0,30484.0,1357.0740740740741,574.0,1735.5693894581523,5.0,6421.0
0,30487.0,1410.0,590.0,1749.5013135616234,8.0,6424.0
0,30490.0,1413.0,593.0,1749.5013135616234,11.0,6427.0
0,30514.0,1437.0,617.0,1749.5013135616234,6.0,6451.0
0,30519.0,1416.1923076923076,622.0,1729.1527720741158,2.0,6456.0
0,30533.0,1388.24,623.0,1750.3737264938595,16.0,6470.0
0,30566.0,1317.4444444444443,554.0,1723.8123626799972,10.0,6503.0
0,30567.0,1318.4444444444443,555.0,1723.8123626799972,11.0,6504.0
0,30573.0,1348.3461538461538,519.0,1752.253909909434,6.0,6510.0
0,30574.0,1349.3461538461538,520.0,1752.253909909434,7.0,6511.0
0,30584.0,1309.3703703703704,488.0,1738.2786110093095,10.0,6521.0
0,30599.0,1233.5172413793102,417.0,1710.16334409782,5.0,6536.0
0,30601.0,1235.5172413793102,419.0,1710.16334409782,7.0,6538.0
0,30608.0,1261.0357142857142,411.0,1737.5746537331624,14.0,6545.0
0,30631.0,1240.1724137931035,419.0,1723.0578085638317,5.0,6568.0
0,30667.0,1234.6,433.0,1708.8252221921348,1.0,6604.0
0,30677.0,1244.6,443.0,1708.8252221921348,11.0,6614.0
0,30681.0,1248.6,447.0,1708.8252221921348,15.0,6618.0
0,30693.0,1260.6,459.0,1708.8252221921348,1.0,6630.0
0,30721.0,1305.0689655172414,465.0,1735.6956457150263,19.0,6658.0
0,30727.0,1311.0689655172414,471.0,1735.6956457150263,25.0,6664.0
0,30729.0,1313.0689655172414,473.0,1735.6956457150263,27.0,6666.0
0,30736.0,1347.4285714285713,469.5,1760.2629760629402,34.0,6673.0
0,30756.0,1367.4285714285713,489.5,1760.2629760629402,54.0,6693.0
0,30765.0,1376.4285714285713,498.5,1760.2629760629402,5.0,6702.0
0,30771.0,1364.892857142857,472.0,1768.811128964588,11.0,6708.0
0,30789.0,1423.5185185185185,512.0,1788.3953364082265,10.0,6726.0
0,30815.0,1397.9642857142858,516.0,1776.483172734885,6.0,6752.0
0,30817.0,1399.9642857142858,518.0,1776.483172734885,2.0,6754.0
0,30830.0,1447.4814814814815,553.0,1799.838086758349,12.0,6767.0
0,30852.0,1469.4814814814815,575.0,1799.838086758349,4.0,6789.0
0,30870.0,1487.4814814814815,593.0,1799.838086758349,22.0,6807.0
0,30873.0,1490.4814814814815,596.0,1799.838086758349,25.0,6810.0
0,30878.0,1495.4814814814815,601.0,1799.838086758349,1.0,6815.0
0,30884.0,1348.32,563.0,1600.0143929352637,7.0,6821.0
0,30888.0,1352.32,567.0,1600.0143929352637,11.0,6825.0
0,30894.0,1306.1153846153845,551.5,1590.5080302779668,1.0,6831.0
0,30919.0,1282.2962962962963,555.0,1580.5026114502618,11.0,6856.0
0,30929.0,1328.9615384615386,586.5,1599.3022873156335,4.0,6866.0
0,30992.0,1276.6785714285713,609.5,1591.03818427671,1.0,6929.0
0,30998.0,1282.6785714285713,615.5,1591.03818427671,6.0,6935.0
0,31005.0,1289.6785714285713,622.5,1591.03818427671,1.0,6942.0
0,31010.0,1294.6785714285713,627.5,1591.03818427671,1.0,6947.0
0,31026.0,1223.4333333333334,586.0,1571.3709446071464,1.0,6963.0
0,31027.0,1224.4333333333334,587.0,1571.3709446071464,2.0,6964.0
0,31030.0,1227.4333333333334,590.0,1571.3709446071464,5.0,6967.0
0,31042.0,1223.1,602.0,1581.5583106544,3.0,6979.0
0,31055.0,1236.1,615.0,1581.5583106544,3.0,6992.0
0,31058.0,1239.1,618.0,1581.5583106544,6.0,6995.0
0,31066.0,1207.1290322580646,587.0,1571.168062342431,7.0,7003.0
0,31069.0,1210.1290322580646,590.0,1571.168062342431,10.0,7006.0
0,31102.0,1297.9310344827586,623.0,1608.6850901844302,4.0,7039.0
0,31127.0,1197.2758620689656,584.0,1562.491531487158,9.0,7064.0
0,31128.0,1198.2758620689656,585.0,1562.491531487158,10.0,7065.0
0,31129.0,1199.2758620689656,586.0,1562.491531487158,11.0,7066.0
0,31142.0,1227.7857142857142,583.5,1587.9533403801543,5.0,7079.0
0,31168.0,1210.7931034482758,594.0,1576.8317728763707,7.0,7105.0
0,31171.0,1213.7931034482758,597.0,1576.8317728763707,10.0,7108.0
0,31178.0,1252.3333333333333,604.0,1622.9315952815027,17.0,7115.0
0,31182.0,1256.3333333333333,608.0,1622.9315952815027,21.0,7119.0
0,31191.0,1265.3333333333333,617.0,1622.9315952815027,3.0,7128.0
0,31202.0,1276.3333333333333,628.0,1622.9315952815027,9.0,7139.0
0,31209.0,1283.3333333333333,635.0,1622.9315952815027,16.0,7146.0
0,31217.0,1317.0384615384614,658.5,1648.4449427536067,24.0,7154.0
0,31231.0,1282.0,657.0,1636.8419005534429,7.0,7168.0
0,31240.0,1313.8461538461538,643.5,1663.792948756353,16.0,7177.0
0,31246.0,1319.8461538461538,649.5,1663.792948756353,1.0,7183.0
0,31268.0,1292.5925925925926,649.0,1651.8942271595079,12.0,7205.0
0,31275.0,1299.5925925925926,656.0,1651.8942271595079,19.0,7212.0
0,31293.0,1317.5925925925926,674.0,1651.8942271595079,2.0,7230.0
0,31295.0,1319.5925925925926,676.0,1651.8942271595079,2.0,7232.0
0,31296.0,1320.5925925925926,677.0,1651.8942271595079,3.0,7233.0
0,31301.0,1325.5925925925926,682.0,1651.8942271595079,8.0,7238.0
0,31306.0,1330.5925925925926,687.0,1651.8942271595079,4.0,7243.0
0,31331.0,1307.25,702.5,1641.4622101955317,2.0,7268.0
0,31332.0,1308.25,703.5,1641.4622101955317,3.0,7269.0
0,31344.0,1371.1923076923076,715.5,1691.7540742179808,1.0,7281.0
0,31358.0,1385.1923076923076,729.5,1691.7540742179808,4.0,7295.0
0,31375.0,1350.7037037037037,737.0,1680.7613313463771,12.0,7312.0
0,31381.0,1351.037037037037,743.0,1685.0490152554744,4.0,7318.0
0,31387.0,1379.6923076923076,663.5,1713.1081237875744,5.0,7324.0
0,31401.0,1342.111111111111,592.0,1701.5350440625189,1.0,7338.0
0,31410.0,1351.111111111111,601.0,1701.5350440625189,2.0,7347.0
0,31430.0,1294.0357142857142,490.0,1705.1965425500048,2.0,7367.0
0,31433.0,1297.0357142857142,493.0,1705.1965425500048,5.0,7370.0
0,31435.0,1254.3103448275863,493.0,1692.1701859354594,2.0,7372.0
0,31469.0,1273.103448275862,527.0,1701.626510842465,5.0,7406.0
0,31481.0,1285.103448275862,539.0,1701.626510842465,17.0,7418.0
0,31485.0,1289.103448275862,543.0,1701.626510842465,21.0,7422.0
0,31491.0,1247.1724137931035,466.0,1717.63885789055,5.0,7428.0
0,31507.0,1188.5714285714287,475.0,1701.2514811281771,2.0,7444.0
0,31517.0,1157.2758620689656,478.0,1685.8836605779081,1.0,7454.0
0,31518.0,1158.2758620689656,479.0,1685.8836605779081,2.0,7455.0
0,31519.0,1159.2758620689656,480.0,1685.8836605779081,1.0,7456.0
0,31521.0,1161.2758620689656,482.0,1685.8836605779081,1.0,7458.0
0,31526.0,1163.3214285714287,477.5,1715.6508563718282,6.0,7463.0
0,31539.0,1176.3214285714287,490.5,1715.6508563718282,19.0,7476.0
0,31547.0,1184.3214285714287,498.5,1715.6508563718282,7.0,7484.0
0,31557.0,1194.3214285714287,508.5,1715.6508563718282,8.0,7494.0
0,31566.0,1182.576923076923,484.0,1767.6023128493955,1.0,7503.0
0,31586.0,1202.576923076923,504.0,1767.6023128493955,17.0,7523.0
0,31604.0,1198.6923076923076,470.5,1778.8964766270724,10.0,7541.0
0,31614.0,1208.6923076923076,480.5,1778.8964766270724,20.0,7551.0
0,31644.0,1193.2222222222222,483.0,1760.9729493649415,5.0,7581.0
0,31651.0,1239.1923076923076,517.5,1783.0569044638514,12.0,7588.0
0,31661.0,1249.1923076923076,527.5,1783.0569044638514,22.0,7598.0
0,31666.0,1232.6538461538462,457.5,1792.6875385707199,27.0,7603.0
0,31675.0,1255.24,419.0,1829.508508425145,3.0,7612.0
0,31679.0,1130.28,367.0,1773.3669111608008,7.0,7616.0
0,31680.0,1163.0833333333333,387.5,1802.9360756986239,8.0,7617.0
0,31688.0,1124.48,359.0,1781.2019115192977,6.0,7625.0
0,31694.0,1087.1153846153845,348.0,1760.018844456001,3.0,7631.0
0,31717.0,1069.7777777777778,354.0,1739.3226083169475,1.0,7654.0
0,31748.0,1026.1379310344828,371.0,1700.5339673403992,8.0,7685.0
0,31758.0,1001.6666666666666,369.5,1682.2252194307655,2.0,7695.0
0,31771.0,1014.6666666666666,382.5,1682.2252194307655,15.0,7708.0
0,31772.0,1015.6666666666666,383.5,1682.2252194307655,16.0,7709.0
0,31774.0,1017.6666666666666,385.5,1682.2252194307655,18.0,7711.0
0,31794.0,1091.857142857143,405.5,1728.0962629082767,15.0,7731.0
0,31797.0,1057.1379310344828,397.0,1709.7300800103715,1.0,7734.0
0,31820.0,1067.0,420.0,1716.418163019964,11.0,7757.0
0,31831.0,1053.344827586207,404.0,1726.4178036669089,10.0,7768.0
0,31834.0,1056.344827586207,407.0,1726.4178036669089,1.0,7771.0
0,31837.0,1059.344827586207,410.0,1726.4178036669089,4.0,7774.0
0,31867.0,1089.344827586207,440.0,1726.4178036669089,1.0,7804.0
0,31871.0,1093.344827586207,444.0,1726.4178036669089,5.0,7808.0
0,31902.0,1118.2413793103449,475.0,1729.9628988481809,7.0,7839.0
0,31905.0,1121.2413793103449,478.0,1729.9628988481809,10.0,7842.0
0,31916.0,1132.2413793103449,489.0,1729.9628988481809,7.0,7853.0
0,31926.0,1104.4,496.0,1713.0498260899087,7.0,7863.0
0,31929.0,1107.4,499.0,1713.0498260899087,10.0,7866.0
0,31945.0,1143.344827586207,512.0,1738.9067964129583,6.0,7882.0
0,31946.0,1144.344827586207,513.0,1738.9067964129583,7.0,7883.0
0,31956.0,1163.5,496.5,1768.9994044253217,8.0,7893.0
0,31982.0,1189.5,522.5,1768.9994044253217,16.0,7919.0
0,31984.0,1191.5,524.5,1768.9994044253217,18.0,7921.0
0,32004.0,1181.892857142857,503.0,1781.8100616124227,1.0,7941.0
0,32007.0,1184.892857142857,506.0,1781.8100616124227,4.0,7944.0
0,32013.0,1190.107142857143,512.0,1782.3296620532058,1.0,7950.0
0,32014.0,1191.107142857143,513.0,1782.3296620532058,2.0,7951.0
0,32025.0,1179.4814814814815,509.0,1811.0827612717162,2.0,7962.0
0,32026.0,1180.4814814814815,510.0,1811.0827612717162,3.0,7963.0
0,32040.0,1239.44,446.0,1874.7379353925708,6.0,7977.0
0,32081.0,1232.2692307692307,467.5,1854.0427046299978,6.0,8018.0
0,32083.0,1234.2692307692307,469.5,1854.0427046299978,8.0,8020.0
0,32084.0,1235.2692307692307,470.5,1854.0427046299978,9.0,8021.0
0,32088.0,1265.96,455.0,1885.8555083568833,13.0,8025.0
0,32091.0,1220.2692307692307,433.5,1865.1901234848854,3.0,8028.0
0,32100.0,1259.76,418.0,1895.7636198640378,2.0,8037.0
0,32105.0,1264.76,423.0,1895.7636198640378,7.0,8042.0
0,32130.0,1289.76,448.0,1895.7636198640378,1.0,8067.0
0,32145.0,1254.7692307692307,458.5,1875.6782631212534,5.0,8082.0
0,32147.0,1210.2962962962963,456.0,1855.8069586473857,2.0,8084.0
0,32155.0,1218.2962962962963,464.0,1855.8069586473857,10.0,8092.0
0,32161.0,1224.2962962962963,470.0,1855.8069586473857,6.0,8098.0
0,32186.0,1221.3333333333333,458.0,1868.6277991756012,3.0,8123.0
0,32199.0,1234.3333333333333,471.0,1868.6277991756012,10.0,8136.0
0,32225.0,1287.923076923077,495.5,1898.8197533260766,1.0,8162.0
0,32263.0,1345.76,532.0,1933.780241495915,8.0,8200.0
0,32272.0,1354.76,541.0,1933.780241495915,8.0,8209.0
0,32292.0,1374.76,561.0,1933.780241495915,9.0,8229.0
0,32303.0,1385.76,572.0,1933.780241495915,20.0,8240.0
0,32306.0,1388.76,575.0,1933.780241495915,1.0,8243.0
0,32307.0,1389.76,576.0,1933.780241495915,2.0,8244.0
0,32313.0,1449.7826086956522,582.0,2005.3080205017998,1.0,8250.0
0,32347.0,1366.52,591.0,1964.1033398474733,6.0,8284.0
0,32358.0,1324.7692307692307,582.0,1943.937979932098,1.0,8295.0
0,32373.0,1283.5185185185185,577.0,1928.385380462886,1.0,8310.0
0,32375.0,1285.5185185185185,579.0,1928.385380462886,3.0,8312.0
0,32378.0,1288.5185185185185,582.0,1928.385380462886,3.0,8315.0
0,32383.0,1269.5185185185185,587.0,1925.8512570995404,8.0,8320.0
0,32407.0,1322.56,598.0,1997.2600447613227,18.0,8344.0
0,32416.0,1343.75,575.0,2037.5335835678063,8.0,8353.0
0,32420.0,1347.75,579.0,2037.5335835678063,12.0,8357.0
0,32428.0,1355.75,587.0,2037.5335835678063,1.0,8365.0
0,32429.0,1356.75,588.0,2037.5335835678063,2.0,8366.0
0,32435.0,1425.6363636363637,594.0,2117.747485708138,1.0,8372.0
0,32448.0,1438.6363636363637,607.0,2117.747485708138,3.0,8385.0
0,32450.0,1440.6363636363637,609.0,2117.747485708138,5.0,8387.0
0,32451.0,1441.6363636363637,610.0,2117.747485708138,6.0,8388.0
0,32457.0,1274.24,445.0,2041.3618646384086,1.0,8394.0
0,32462.0,1255.88,409.0,2052.438263529503,5.0,8399.0
0,32474.0,1267.88,421.0,2052.438263529503,17.0,8411.0
0,32495.0,1313.4583333333333,424.5,2091.153130435587,38.0,8432.0
0,32509.0,1327.4583333333333,438.5,2091.153130435587,52.0,8446.0
0,32520.0,1285.0,432.0,2065.572947150499,2.0,8457.0
0,32527.0,1263.4,387.0,2078.2337308397246,3.0,8464.0
0,32543.0,1279.4,403.0,2078.2337308397246,1.0,8480.0
0,32547.0,1283.4,407.0,2078.2337308397246,5.0,8484.0
0,32554.0,1286.56,414.0,2080.517148787772,4.0,8491.0
0,32567.0,1299.56,427.0,2080.517148787772,17.0,8504.0
0,32581.0,1313.56,441.0,2080.517148787772,6.0,8518.0
0,32583.0,1315.56,443.0,2080.517148787772,8.0,8520.0
0,32585.0,1317.56,445.0,2080.517148787772,10.0,8522.0
0,32597.0,1329.56,457.0,2080.517148787772,22.0,8534.0
0,32604.0,1336.56,464.0,2080.517148787772,29.0,8541.0
0,32616.0,1339.0416666666667,473.5,2122.8855260228283,10.0,8553.0
0,32648.0,1371.0416666666667,505.5,2122.8855260228283,1.0,8585.0
0,32652.0,1375.0416666666667,509.5,2122.8855260228283,5.0,8589.0
0,32658.0,1325.92,513.0,2097.450546163127,3.0,8595.0
0,32665.0,1167.28,348.0,2009.0005977102148,10.0,8602.0
0,32682.0,1221.4166666666667,451.0,2042.002752950043,15.0,8619.0
0,32690.0,1229.4166666666667,459.0,2042.002752950043,2.0,8627.0
0,32742.0,1208.96,401.0,2025.7344639414123,18.0,8679.0
0,32750.0,1259.3333333333333,421.0,2056.6224671101454,8.0,8687.0
0,32755.0,1213.8,414.0,2030.2204215306276,1.0,8692.0
0,32783.0,1241.8,442.0,2030.2204215306276,12.0,8720.0
0,32793.0,1251.8,452.0,2030.2204215306276,3.0,8730.0
0,32805.0,1263.8,464.0,2030.2204215306276,1.0,8742.0
0,32807.0,1265.8,466.0,2030.2204215306276,3.0,8744.0
0,32822.0,1314.125,482.5,2065.374669652377,10.0,8759.0
0,32830.0,1322.125,490.5,2065.374669652377,18.0,8767.0
0,32863.0,1355.125,523.5,2065.374669652377,5.0,8800.0
0,32869.0,1361.125,529.5,2065.374669652377,11.0,8806.0
0,32878.0,1315.6,516.0,2041.1989222023412,7.0,8815.0
0,32893.0,1330.0,531.0,2041.5856582568365,7.0,8830.0
0,32926.0,1383.4166666666667,559.0,2081.182514755066,11.0,8863.0
0,32928.0,1385.4166666666667,561.0,2081.182514755066,13.0,8865.0
0,32941.0,1398.4166666666667,574.0,2081.182514755066,26.0,8878.0
0,32945.0,1438.0434782608695,573.0,2118.7676787157457,1.0,8882.0
0,32975.0,1351.52,541.0,2070.3106456761507,2.0,8912.0
0,32985.0,1207.2307692307693,530.5,2042.8930712574547,4.0,8922.0
0,32991.0,1213.2307692307693,536.5,2042.8930712574547,10.0,8928.0
0,32995.0,1217.2307692307693,540.5,2042.8930712574547,2.0,8932.0
0,32997.0,1240.8,541.0,2080.4452792611487,4.0,8934.0
0,33001.0,1244.8,545.0,2080.4452792611487,8.0,8938.0
0,33009.0,1252.8,553.0,2080.4452792611487,4.0,8946.0
0,33039.0,1233.5,582.5,2054.8828574136064,1.0,8976.0
0,33052.0,1246.5,595.5,2054.8828574136064,4.0,8989.0
0,33059.0,1176.2307692307693,602.5,1781.935147479415,11.0,6987.0
0,33092.0,904.9629629629629,574.0,1349.6730051573531,5.0,6649.0
0,33097.0,909.9629629629629,579.0,1349.6730051573531,10.0,6654.0
0,33110.0,905.3076923076923,589.0,1372.3204035285742,23.0,6667.0
0,33138.0,943.4,614.0,1398.5512504016435,2.0,6695.0
0,33153.0,969.2916666666666,563.5,1426.3511570661306,17.0,6710.0
0,33163.0,979.2916666666666,573.5,1426.3511570661306,27.0,6720.0
0,33164.0,980.2916666666666,574.5,1426.3511570661306,28.0,6721.0
0,33167.0,975.1666666666666,577.5,1426.3382215387142,31.0,6724.0
0,33168.0,964.0,553.0,1428.3080024980607,32.0,6725.0
0,33191.0,1026.090909090909,601.5,1485.5539190083248,5.0,6748.0
0,33207.0,1004.1818181818181,517.5,1500.9166482932912,1.0,6764.0
0,33208.0,1005.1818181818181,518.5,1500.9166482932912,2.0,6765.0
0,33214.0,967.3478260869565,490.0,1482.253795339928,3.0,6771.0
0,33229.0,941.9583333333334,490.0,1463.9165356207604,13.0,6786.0
0,33241.0,915.88,487.0,1446.419228854484,2.0,6798.0
0,33243.0,917.88,489.0,1446.419228854484,4.0,6800.0
0,33266.0,972.5833333333334,527.0,1467.710147266445,1.0,6823.0
0,33298.0,964.44,544.0,1451.4412996742237,1.0,6855.0
0,33308.0,979.4166666666666,488.0,1481.1620695889053,11.0,6865.0
0,33309.0,980.4166666666666,489.0,1481.1620695889053,12.0,6866.0
0,33315.0,959.0416666666666,390.5,1492.9663001099152,3.0,6872.0
0,33316.0,960.0416666666666,391.5,1492.9663001099152,4.0,6873.0
0,33332.0,983.0869565217391,369.0,1524.686166226362,20.0,6889.0
0,33336.0,987.0869565217391,373.0,1524.686166226362,24.0,6893.0
0,33343.0,1025.409090909091,418.5,1551.6990294832221,5.0,6900.0
0,33357.0,1039.409090909091,432.5,1551.6990294832221,19.0,6914.0
0,33360.0,1042.409090909091,435.5,1551.6990294832221,22.0,6917.0
0,33361.0,1043.409090909091,436.5,1551.6990294832221,23.0,6918.0
0,33363.0,1013.0909090909091,399.5,1563.0243675495656,2.0,6920.0
0,33378.0,1070.2380952380952,415.0,1587.5453320790232,17.0,6935.0
0,33430.0,1072.9545454545455,466.5,1567.4014533984912,30.0,6987.0
0,33439.0,1065.5238095238096,475.0,1602.434386712548,39.0,6996.0
0,33451.0,984.1739130434783,473.0,1560.77201221129,1.0,7008.0
0,33458.0,991.1739130434783,480.0,1560.77201221129,8.0,7015.0
0,33461.0,994.1739130434783,483.0,1560.77201221129,11.0,7018.0
0,33491.0,991.7391304347826,513.0,1573.4790645984706,2.0,7048.0
0,33511.0,969.75,480.0,1553.4566362899652,4.0,7068.0
0,33522.0,884.6153846153846,313.5,1523.4564464987825,2.0,7079.0
0,33528.0,890.6153846153846,319.5,1523.4564464987825,8.0,7085.0
0,33535.0,897.6153846153846,326.5,1523.4564464987825,15.0,7092.0
0,33538.0,900.6153846153846,329.5,1523.4564464987825,18.0,7095.0
0,33545.0,907.6153846153846,336.5,1523.4564464987825,25.0,7102.0
0,33548.0,910.6153846153846,339.5,1523.4564464987825,28.0,7105.0
0,33550.0,917.28,339.0,1553.4447533143882,1.0,7107.0
0,33559.0,926.28,348.0,1553.4447533143882,3.0,7116.0
0,33615.0,852.448275862069,376.0,1478.423148474517,3.0,7172.0
0,33618.0,855.448275862069,379.0,1478.423148474517,6.0,7175.0
0,33654.0,855.9655172413793,342.0,1492.0150337311973,25.0,7211.0
0,33656.0,857.9655172413793,344.0,1492.0150337311973,27.0,7213.0
0,33670.0,899.1428571428571,365.5,1511.354730845469,2.0,7227.0
0,33685.0,886.0714285714286,333.0,1520.5044259007184,8.0,7242.0
0,33692.0,893.0714285714286,340.0,1520.5044259007184,1.0,7249.0
0,33701.0,842.4,283.0,1485.8177456651044,5.0,7258.0
0,33703.0,844.4,285.0,1485.8177456651044,7.0,7260.0
0,33704.0,845.4,286.0,1485.8177456651044,8.0,7261.0
0,33721.0,837.6206896551724,277.0,1505.1112781359186,5.0,7278.0
0,33734.0,857.7857142857143,287.0,1531.2664309822314,9.0,7291.0
0,33771.0,888.7142857142857,324.0,1534.3550030909419,1.0,7328.0
0,33776.0,893.7142857142857,329.0,1534.3550030909419,2.0,7333.0
0,33781.0,898.7142857142857,334.0,1534.3550030909419,4.0,7338.0
0,33794.0,911.7142857142857,347.0,1534.3550030909419,2.0,7351.0
0,33805.0,861.4,345.0,1499.9759464738095,2.0,7362.0
0,33809.0,874.6206896551724,339.0,1524.7822549758307,1.0,7366.0
0,33810.0,875.6206896551724,340.0,1524.7822549758307,2.0,7367.0
0,33822.0,903.9642857142857,333.5,1549.2736888652712,7.0,7379.0
0,33827.0,908.9642857142857,338.5,1549.2736888652712,12.0,7384.0
0,33833.0,965.3846153846154,373.0,1596.5814700579938,18.0,7390.0
0,33858.0,954.3703703703703,388.0,1577.4615602089643,1.0,7415.0
0,33879.0,975.3703703703703,409.0,1577.4615602089643,22.0,7436.0
0,33881.0,977.3703703703703,411.0,1577.4615602089643,24.0,7438.0
0,33883.0,979.3703703703703,413.0,1577.4615602089643,26.0,7440.0
0,33913.0,984.0,406.0,1587.596459594981,4.0,7470.0
0,33931.0,1002.0,424.0,1587.596459594981,22.0,7488.0
0,33950.0,1021.0,443.0,1587.596459594981,9.0,7507.0
0,33971.0,1042.0,464.0,1587.596459594981,7.0,7528.0
0,33976.0,1047.0,469.0,1587.596459594981,12.0,7533.0
0,33984.0,1055.0,477.0,1587.596459594981,20.0,7541.0
0,34003.0,1074.0,496.0,1587.596459594981,39.0,7560.0
0,34010.0,1110.4615384615386,521.5,1610.5799774942334,6.0,7567.0
0,34020.0,1133.12,513.0,1641.2070026660258,3.0,7577.0
0,34037.0,1153.3333333333333,528.0,1674.9728273086173,14.0,7594.0
0,34039.0,1155.3333333333333,530.0,1674.9728273086173,16.0,7596.0
0,34046.0,1138.5416666666667,533.5,1687.1433445118278,3.0,7603.0
0,34051.0,1143.5416666666667,538.5,1687.1433445118278,4.0,7608.0
0,34064.0,1182.7826086956522,550.0,1718.6289266515996,17.0,7621.0
0,34075.0,1144.3333333333333,538.5,1699.0748871730823,7.0,7632.0
0,34104.0,1126.52,545.0,1680.4692706503145,3.0,7661.0
0,34111.0,1102.56,552.0,1677.2981864892126,5.0,7668.0
0,34112.0,1083.48,508.0,1682.5636658385324,6.0,7669.0
0,34120.0,1119.875,538.5,1711.380371525181,14.0,7677.0
0,34140.0,1078.7391304347825,536.0,1722.3416117597703,34.0,7697.0
0,34148.0,1061.4782608695652,529.0,1733.6798227436002,3.0,7705.0
0,34150.0,1063.4782608695652,531.0,1733.6798227436002,5.0,7707.0
0,34152.0,1065.4782608695652,533.0,1733.6798227436002,7.0,7709.0
0,34175.0,1088.4782608695652,556.0,1733.6798227436002,18.0,7732.0
0,34187.0,1127.090909090909,575.5,1768.0431635283041,3.0,7744.0
0,34202.0,1092.7826086956522,583.0,1744.5782835756122,2.0,7759.0
0,34211.0,1075.4347826086957,518.0,1756.3880136354676,1.0,7768.0
0,34213.0,1077.4347826086957,520.0,1756.3880136354676,3.0,7770.0
0,34216.0,1080.4347826086957,523.0,1756.3880136354676,6.0,7773.0
0,34219.0,1038.375,500.5,1732.93399596609,2.0,7776.0
0,34235.0,1054.375,516.5,1732.93399596609,3.0,7792.0
0,34237.0,1056.375,518.5,1732.93399596609,5.0,7794.0
0,34239.0,1058.375,520.5,1732.93399596609,1.0,7796.0
0,34257.0,1033.84,513.0,1710.6604731506482,7.0,7814.0
0,34258.0,1034.84,514.0,1710.6604731506482,8.0,7815.0
0,34279.0,993.4230769230769,477.0,1698.7167820508814,1.0,7836.0
0,34298.0,940.6785714285714,476.5,1657.2385821336181,1.0,7855.0
0,34337.0,983.1111111111111,497.0,1687.5514221703393,6.0,7894.0
0,34342.0,1023.8461538461538,520.5,1709.6440855945086,4.0,7899.0
0,34345.0,988.925925925926,505.0,1688.7908434828598,3.0,7902.0
0,34369.0,976.7857142857143,503.5,1668.958344022292,1.0,7926.0
0,34378.0,985.7857142857143,512.5,1668.958344022292,10.0,7935.0
0,34381.0,988.7857142857143,515.5,1668.958344022292,13.0,7938.0
0,34383.0,990.7857142857143,517.5,1668.958344022292,15.0,7940.0
0,34395.0,1007.2962962962963,504.0,1699.416388162905,10.0,7952.0
0,34420.0,995.6785714285714,454.0,1679.6058435063912,7.0,7977.0
0,34438.0,1013.6785714285714,472.0,1679.6058435063912,3.0,7995.0
0,34442.0,1017.6785714285714,476.0,1679.6058435063912,3.0,7999.0
0,34455.0,1059.1851851851852,564.0,1703.7624603394695,12.0,8012.0
0,34490.0,1055.7142857142858,524.0,1684.9614632545936,2.0,8047.0
0,34497.0,1053.8214285714287,531.0,1689.8614493834239,4.0,8054.0
0,34500.0,1056.8214285714287,534.0,1689.8614493834239,7.0,8057.0
0,34501.0,1057.8214285714287,535.0,1689.8614493834239,1.0,8058.0
0,34529.0,1125.1153846153845,563.0,1747.191974105507,2.0,8086.0
0,34530.0,1126.1153846153845,564.0,1747.191974105507,3.0,8087.0
0,34548.0,1102.2222222222222,507.0,1727.7871811105315,7.0,8105.0
0,34557.0,1111.2222222222222,516.0,1727.7871811105315,7.0,8114.0
0,34562.0,1129.9615384615386,491.0,1759.2524085480877,5.0,8119.0
0,34575.0,1161.32,474.0,1791.6486646661504,18.0,8132.0
0,34585.0,1171.32,484.0,1791.6486646661504,9.0,8142.0
0,34589.0,1130.2692307692307,468.5,1771.2375629592636,1.0,8146.0
0,34595.0,1136.2692307692307,474.5,1771.2375629592636,7.0,8152.0
0,34606.0,1147.2692307692307,485.5,1771.2375629592636,9.0,8163.0
0,34623.0,1175.68,483.0,1805.3776495791676,4.0,8180.0
0,34631.0,1183.68,491.0,1805.3776495791676,12.0,8188.0
0,34636.0,1188.68,496.0,1805.3776495791676,17.0,8193.0
0,34638.0,1190.68,498.0,1805.3776495791676,19.0,8195.0
0,34651.0,1151.923076923077,476.0,1788.6494243740467,5.0,8208.0
0,34660.0,1160.923076923077,485.0,1788.6494243740467,3.0,8217.0
0,34684.0,1184.923076923077,509.0,1788.6494243740467,7.0,8241.0
0,34697.0,1153.8148148148148,487.0,1769.564751612919,4.0,8254.0
0,34704.0,1160.8148148148148,494.0,1769.564751612919,11.0,8261.0
0,34708.0,1164.8148148148148,498.0,1769.564751612919,15.0,8265.0
0,34724.0,1212.5384615384614,549.0,1795.7237501860493,13.0,8281.0
0,34748.0,1236.5384615384614,573.0,1795.7237501860493,7.0,8305.0
0,34764.0,1252.5384615384614,589.0,1795.7237501860493,5.0,8321.0
0,34773.0,1261.5384615384614,598.0,1795.7237501860493,4.0,8330.0
0,34779.0,1220.8148148148148,569.0,1778.1883630806203,6.0,8336.0
0,34785.0,1236.1538461538462,571.5,1811.4117675768746,12.0,8342.0
0,34786.0,1237.1538461538462,572.5,1811.4117675768746,13.0,8343.0
0,34789.0,1240.1538461538462,575.5,1811.4117675768746,16.0,8346.0
0,34803.0,1280.6,586.0,1842.3562956171095,6.0,8360.0
0,34821.0,1254.1739130434783,604.0,1878.215217842956,10.0,8378.0
0,34836.0,1269.1739130434783,619.0,1878.215217842956,6.0,8393.0
0,34842.0,1313.6363636363637,663.5,1911.5482669447572,6.0,8399.0
0,34843.0,1314.6363636363637,664.5,1911.5482669447572,7.0,8400.0
0,34850.0,1264.2608695652175,633.0,1888.801027967588,2.0,8407.0
0,34857.0,1271.2608695652175,640.0,1888.801027967588,1.0,8414.0
0,34887.0,1301.2608695652175,670.0,1888.801027967588,19.0,8444.0
0,34888.0,1302.2608695652175,671.0,1888.801027967588,20.0,8445.0
0,34901.0,1315.2608695652175,684.0,1888.801027967588,33.0,8458.0
0,34911.0,1325.2608695652175,694.0,1888.801027967588,3.0,8468.0
0,34914.0,1328.2608695652175,697.0,1888.801027967588,6.0,8471.0
0,34945.0,1267.0833333333333,660.5,1884.152637055242,1.0,8502.0
0,34964.0,1234.84,667.0,1863.0756867073328,3.0,8521.0
0,34966.0,1236.84,669.0,1863.0756867073328,2.0,8523.0
0,35006.0,1215.1153846153845,686.5,1850.5697319583055,10.0,8563.0
0,35010.0,1219.1153846153845,690.5,1850.5697319583055,14.0,8567.0
0,35011.0,1220.1153846153845,691.5,1850.5697319583055,15.0,8568.0
0,35015.0,1291.75,695.5,1907.3910027836453,2.0,8572.0
0,35018.0,1294.75,698.5,1907.3910027836453,5.0,8575.0
0,35021.0,1297.75,701.5,1907.3910027836453,8.0,8578.0
0,35025.0,1301.75,705.5,1907.3910027836453,12.0,8582.0
0,35049.0,1273.64,707.0,1886.2093389653228,4.0,8606.0
0,35062.0,1286.64,720.0,1886.2093389653228,17.0,8619.0
0,35078.0,1302.64,736.0,1886.2093389653228,33.0,8635.0
0,35079.0,1303.64,737.0,1886.2093389653228,34.0,8636.0
0,35083.0,1307.64,741.0,1886.2093389653228,38.0,8640.0
0,35087.0,1311.64,745.0,1886.2093389653228,42.0,8644.0
0,35089.0,1313.64,747.0,1886.2093389653228,44.0,8646.0
0,35106.0,1330.64,764.0,1886.2093389653228,6.0,8663.0
0,35107.0,1331.64,765.0,1886.2093389653228,7.0,8664.0
0,35116.0,1340.64,774.0,1886.2093389653228,6.0,8673.0
0,35129.0,1353.64,787.0,1886.2093389653228,6.0,8686.0
0,35143.0,1367.64,801.0,1886.2093389653228,20.0,8700.0
0,35152.0,1323.8461538461538,744.5,1868.3221121618453,4.0,8709.0
0,35157.0,1328.8461538461538,749.5,1868.3221121618453,9.0,8714.0
0,35158.0,1329.8461538461538,750.5,1868.3221121618453,10.0,8715.0
0,35161.0,1332.8461538461538,753.5,1868.3221121618453,1.0,8718.0
0,35168.0,1192.1304347826087,633.0,1729.74055114954,2.0,8725.0
0,35169.0,1193.1304347826087,634.0,1729.74055114954,3.0,8726.0
0,35209.0,1183.0833333333333,649.0,1710.2467637904058,31.0,8766.0
0,35235.0,1161.48,650.0,1691.8428087739119,1.0,8792.0
0,35238.0,1164.48,653.0,1691.8428087739119,4.0,8795.0
0,35248.0,1203.625,688.0,1720.5697169954103,1.0,8805.0
0,35257.0,1164.2,672.0,1702.417481113255,2.0,8814.0
0,35264.0,1171.2,679.0,1702.417481113255,6.0,8821.0
0,35268.0,1175.2,683.0,1702.417481113255,1.0,8825.0
0,35270.0,1177.2,685.0,1702.417481113255,3.0,8827.0
0,35276.0,1183.2,691.0,1702.417481113255,6.0,8833.0
0,35281.0,1211.25,721.0,1733.6960818340297,5.0,8838.0
0,35307.0,1257.4782608695652,722.0,1768.209383370774,10.0,8864.0
0,35322.0,1272.4782608695652,737.0,1768.209383370774,4.0,8879.0
0,35347.0,1194.96,707.0,1731.2727914456464,10.0,8904.0
0,35357.0,1204.96,717.0,1731.2727914456464,9.0,8914.0
0,35364.0,1211.96,724.0,1731.2727914456464,5.0,8921.0
0,35370.0,1217.96,730.0,1731.2727914456464,3.0,8927.0
0,35386.0,1282.9166666666667,773.5,1749.9355206375142,19.0,8943.0
0,35399.0,1295.9166666666667,786.5,1749.9355206375142,2.0,8956.0
0,35412.0,1256.8,772.0,1733.4851830921427,4.0,8969.0
0,35419.0,1315.9166666666667,806.5,1749.9355206375142,2.0,8976.0
0,35437.0,1312.8695652173913,797.0,1784.5966370302879,3.0,8994.0
0,35443.0,1339.8181818181818,699.0,1821.9370719689734,9.0,9000.0
0,35466.0,1362.8181818181818,722.0,1821.9370719689734,3.0,9023.0
0,35506.0,1402.8181818181818,762.0,1821.9370719689734,3.0,9063.0
0,35512.0,1347.608695652174,664.0,1804.870023963678,1.0,9069.0
0,35514.0,1349.608695652174,666.0,1804.870023963678,3.0,9071.0
0,35518.0,1353.608695652174,670.0,1804.870023963678,1.0,9075.0
0,35528.0,1306.9166666666667,644.5,1787.6649554811875,3.0,9085.0
0,35539.0,1374.608695652174,691.0,1804.870023963678,1.0,9096.0
0,35546.0,1381.608695652174,698.0,1804.870023963678,8.0,9103.0
0,35561.0,1430.909090909091,817.0,1838.0877639816804,9.0,9118.0
0,35577.0,1446.909090909091,833.0,1838.0877639816804,25.0,9134.0
0,35579.0,1386.0,731.0,1821.7405437371294,2.0,9136.0
0,35586.0,1393.0,738.0,1821.7405437371294,1.0,9143.0
0,35592.0,1399.0,744.0,1821.7405437371294,7.0,9149.0
0,35601.0,1408.0,753.0,1821.7405437371294,2.0,9158.0
0,35607.0,1414.0,759.0,1821.7405437371294,8.0,9164.0
0,35615.0,1422.0,767.0,1821.7405437371294,1.0,9172.0
0,35625.0,1467.8636363636363,881.0,1854.7257894719187,1.0,9182.0
0,35644.0,1422.3478260869565,796.0,1839.024897783928,3.0,9201.0
0,35658.0,1436.3478260869565,810.0,1839.024897783928,2.0,9215.0
0,35694.0,1505.8636363636363,950.0,1873.473858794613,10.0,9251.0
0,35705.0,1096.0454545454545,794.0,842.7115044616787,4.0,2727.0
0,35710.0,1101.0454545454545,799.0,842.7115044616787,1.0,2732.0
0,35716.0,1107.0454545454545,805.0,842.7115044616787,7.0,2738.0
0,35717.0,1108.0454545454545,806.0,842.7115044616787,8.0,2739.0
0,35734.0,1125.0454545454545,823.0,842.7115044616787,25.0,2756.0
0,35762.0,1172.904761904762,914.0,857.4982940292292,7.0,2784.0
0,35767.0,1177.904761904762,919.0,857.4982940292292,12.0,2789.0
0,35786.0,1209.85,979.0,876.6694516749172,8.0,2808.0
0,35789.0,1212.85,982.0,876.6694516749172,11.0,2811.0
0,35805.0,1297.7777777777778,1336.5,897.9927960336847,27.0,2827.0
0,35810.0,1302.7777777777778,1341.5,897.9927960336847,32.0,2832.0
0,35824.0,1248.0,1184.0,921.4642238250348,10.0,2846.0
0,35835.0,1259.0,1195.0,921.4642238250348,11.0,2857.0
0,35856.0,1106.6818181818182,795.0,961.0226270330066,1.0,2878.0
0,35869.0,1119.6818181818182,808.0,961.0226270330066,14.0,2891.0
0,35883.0,1133.6818181818182,822.0,961.0226270330066,4.0,2905.0
0,35888.0,1138.6818181818182,827.0,961.0226270330066,9.0,2910.0
0,35903.0,1153.6818181818182,842.0,961.0226270330066,14.0,2925.0
0,35905.0,1105.5217391304348,757.0,968.8974401490646,1.0,2927.0
0,35912.0,1042.3478260869565,657.0,988.2190220486308,1.0,2934.0
0,35931.0,1017.5416666666666,636.0,989.9609411136156,7.0,2953.0
0,35940.0,940.375,590.0,933.9277190312963,16.0,2962.0
0,35947.0,923.2083333333334,524.0,950.4280167011889,1.0,2969.0
0,35953.0,929.2083333333334,530.0,950.4280167011889,1.0,2975.0
0,35981.0,957.2083333333334,558.0,950.4280167011889,1.0,3003.0
0,35986.0,962.2083333333334,563.0,950.4280167011889,6.0,3008.0
0,36007.0,983.2083333333334,584.0,950.4280167011889,17.0,3029.0
0,36026.0,970.75,482.0,969.8565293382316,10.0,3048.0
0,36029.0,973.75,485.0,969.8565293382316,13.0,3051.0
0,36030.0,974.75,486.0,969.8565293382316,14.0,3052.0
0,36044.0,845.1363636363636,435.0,882.3514191406415,1.0,3066.0
0,36056.0,820.3913043478261,415.0,879.9992460041451,12.0,3078.0
0,36061.0,837.9090909090909,390.0,897.7720357079372,17.0,3083.0
0,36074.0,817.8636363636364,316.5,914.5068862733195,12.0,3096.0
0,36095.0,802.6086956521739,281.0,910.4275029815691,5.0,3117.0
0,36096.0,803.6086956521739,282.0,910.4275029815691,6.0,3118.0
0,36110.0,783.9583333333334,283.5,905.7514136140713,9.0,3132.0
0,36148.0,760.0769230769231,305.0,896.2352851737832,2.0,3170.0
0,36170.0,782.0769230769231,327.0,896.2352851737832,24.0,3192.0
0,36178.0,790.0769230769231,335.0,896.2352851737832,7.0,3200.0
0,36181.0,793.0769230769231,338.0,896.2352851737832,10.0,3203.0
0,36192.0,789.6153846153846,341.0,905.9743618771439,2.0,3214.0
0,36203.0,800.6153846153846,352.0,905.9743618771439,6.0,3225.0
0,36233.0,830.6153846153846,382.0,905.9743618771439,4.0,3255.0
0,36256.0,822.2592592592592,401.0,903.301335742955,7.0,3278.0
0,36259.0,825.2592592592592,404.0,903.301335742955,10.0,3281.0
0,36266.0,861.3461538461538,415.0,908.0158818632946,17.0,3288.0
0,36270.0,865.3461538461538,419.0,908.0158818632946,21.0,3292.0
0,36295.0,857.6666666666666,440.0,906.4892391753697,8.0,3317.0
0,36296.0,858.6666666666666,441.0,906.4892391753697,9.0,3318.0
0,36304.0,890.6923076923077,453.0,915.2825864276845,5.0,3326.0
0,36331.0,893.6153846153846,452.0,930.6385763352566,4.0,3353.0
0,36334.0,896.6153846153846,455.0,930.6385763352566,7.0,3356.0
0,36350.0,920.76,447.0,948.1597873776338,3.0,3372.0
0,36365.0,935.76,462.0,948.1597873776338,15.0,3387.0
0,36374.0,950.9166666666666,467.0,967.2217910363453,2.0,3396.0
0,36380.0,956.9166666666666,473.0,967.2217910363453,8.0,3402.0
0,36396.0,1010.4782608695652,493.0,970.7377234805907,15.0,3418.0
0,36400.0,1014.4782608695652,497.0,970.7377234805907,19.0,3422.0
0,36402.0,1016.4782608695652,499.0,970.7377234805907,21.0,3424.0
0,36435.0,1070.090909090909,528.0,987.6197238858003,15.0,3457.0
0,36437.0,1072.090909090909,530.0,987.6197238858003,17.0,3459.0
0,36445.0,1019.9047619047619,534.0,970.6429830032847,8.0,3467.0
0,36446.0,1020.9047619047619,535.0,970.6429830032847,9.0,3468.0
0,36473.0,1069.0,557.0,989.9040357529612,7.0,3495.0
0,36512.0,1055.3333333333333,591.0,994.3456011886283,2.0,3534.0
0,36519.0,1062.3333333333333,598.0,994.3456011886283,3.0,3541.0
0,36555.0,977.3181818181819,577.5,1013.1753588847489,5.0,3577.0
0,36556.0,978.3181818181819,578.5,1013.1753588847489,6.0,3578.0
0,36560.0,950.3181818181819,533.0,1032.3646020121007,1.0,3582.0
0,36568.0,888.3333333333334,524.0,1004.3777193738433,9.0,3590.0
0,36572.0,892.3333333333334,528.0,1004.3777193738433,13.0,3594.0
0,36590.0,931.35,563.0,1024.6646414803236,10.0,3612.0
0,36591.0,932.35,564.0,1024.6646414803236,11.0,3613.0
0,36613.0,954.35,586.0,1024.6646414803236,5.0,3635.0
0,36631.0,926.2857142857143,587.0,1020.9696205012149,4.0,3653.0
0,36644.0,951.3,577.0,1044.7328414479944,3.0,3666.0
0,36649.0,911.0,582.0,1000.8701214443361,1.0,3671.0
0,36653.0,885.5263157894736,563.0,1018.376280805616,3.0,3675.0
0,36654.0,886.5263157894736,564.0,1018.376280805616,4.0,3676.0
0,36662.0,824.5555555555555,556.5,893.0659563935553,4.0,3684.0
0,36669.0,789.8333333333334,563.5,862.8996497597826,11.0,3691.0
0,36674.0,753.1578947368421,553.0,858.2946533163057,3.0,3696.0
0,36675.0,754.1578947368421,554.0,858.2946533163057,4.0,3697.0
0,36686.0,764.6111111111111,555.5,881.8107090204846,15.0,3708.0
0,36710.0,747.4736842105264,570.0,875.8570159936918,7.0,3732.0
0,36719.0,756.4736842105264,579.0,875.8570159936918,16.0,3741.0
0,36739.0,672.5909090909091,451.0,854.9084830920852,3.0,3761.0
0,36745.0,678.5909090909091,457.0,854.9084830920852,9.0,3767.0
0,36755.0,688.5909090909091,467.0,854.9084830920852,19.0,3777.0
0,36762.0,695.5909090909091,474.0,854.9084830920852,4.0,3784.0
0,36773.0,706.5909090909091,485.0,854.9084830920852,5.0,3795.0
0,36791.0,745.7142857142857,542.0,869.3994721512493,17.0,3813.0
0,36821.0,740.7727272727273,533.0,864.3711814123595,7.0,3843.0
0,36841.0,768.8095238095239,514.0,883.9086690079424,27.0,3863.0
0,36842.0,761.6666666666666,515.0,885.2824318413782,28.0,3864.0
0,36853.0,784.2,418.0,905.6035887738078,39.0,3875.0
0,36856.0,787.2,421.0,905.6035887738078,42.0,3878.0
0,36870.0,801.2,435.0,905.6035887738078,14.0,3892.0
0,36895.0,826.2,460.0,905.6035887738078,8.0,3917.0
0,36899.0,830.2,464.0,905.6035887738078,12.0,3921.0
0,36924.0,778.1363636363636,377.5,897.1909341461546,3.0,3946.0
0,36938.0,792.1363636363636,391.5,897.1909341461546,2.0,3960.0
0,36951.0,770.6521739130435,401.0,892.2528696310476,4.0,3973.0
0,36956.0,775.6521739130435,406.0,892.2528696310476,1.0,3978.0
0,36980.0,762.7826086956521,421.0,906.4463319695329,11.0,4002.0
0,37032.0,753.75,383.5,913.6924742494052,1.0,4054.0
0,37047.0,785.8260869565217,421.0,929.5874565200794,16.0,4069.0
0,37048.0,786.8260869565217,422.0,929.5874565200794,17.0,4070.0
0,37049.0,787.8260869565217,423.0,929.5874565200794,18.0,4071.0
0,37058.0,789.0454545454545,393.5,949.7469269266478,27.0,4080.0
0,37059.0,790.0454545454545,394.5,949.7469269266478,28.0,4081.0
0,37091.0,817.0,426.5,953.738910337053,11.0,4113.0
0,37106.0,832.0,441.5,953.738910337053,5.0,4128.0
0,37109.0,835.0,444.5,953.738910337053,8.0,4131.0
0,37129.0,836.0,456.0,966.1785078808724,8.0,4151.0
0,37134.0,841.0,461.0,966.1785078808724,13.0,4156.0
0,37154.0,806.4761904761905,434.0,955.2752093630311,5.0,4176.0
0,37159.0,811.4761904761905,439.0,955.2752093630311,4.0,4181.0
0,37162.0,833.1,488.5,975.138190206906,7.0,4184.0
0,37187.0,788.2857142857143,455.0,982.7392301917245,12.0,4209.0
0,37189.0,790.2857142857143,457.0,982.7392301917245,14.0,4211.0
0,37192.0,793.2857142857143,460.0,982.7392301917245,1.0,4214.0
0,37235.0,836.2857142857143,503.0,982.7392301917245,1.0,4257.0
0,37238.0,839.2857142857143,506.0,982.7392301917245,4.0,4260.0
0,37248.0,811.0909090909091,475.0,975.9678137898397,1.0,4270.0
0,37260.0,823.0909090909091,487.0,975.9678137898397,2.0,4282.0
0,37278.0,804.6521739130435,464.0,969.6962145859035,3.0,4300.0
0,37285.0,811.6521739130435,471.0,969.6962145859035,10.0,4307.0
0,37290.0,816.6521739130435,476.0,969.6962145859035,15.0,4312.0
0,37297.0,823.6521739130435,483.0,969.6962145859035,22.0,4319.0
0,37326.0,817.625,463.0,964.0279565664404,1.0,4348.0
0,37330.0,821.625,467.0,964.0279565664404,5.0,4352.0
0,37333.0,826.4347826086956,421.0,984.7221998940022,8.0,4355.0
0,37349.0,807.5,432.5,978.4399146941353,4.0,4371.0
0,37367.0,825.5,450.5,978.4399146941353,2.0,4389.0
0,37378.0,836.5,461.5,978.4399146941353,13.0,4400.0
0,37386.0,844.5,469.5,978.4399146941353,21.0,4408.0
0,37395.0,861.7826086956521,474.0,998.6600569076345,9.0,4417.0
0,37397.0,863.7826086956521,476.0,998.6600569076345,11.0,4419.0
0,37403.0,905.2727272727273,486.5,1006.819302277234,2.0,4425.0
0,37405.0,907.2727272727273,488.5,1006.819302277234,1.0,4427.0
0,37415.0,917.2727272727273,498.5,1006.819302277234,4.0,4437.0
0,37417.0,919.2727272727273,500.5,1006.819302277234,6.0,4439.0
0,37425.0,899.7727272727273,495.0,1023.2112965746695,6.0,4447.0
0,37444.0,843.25,473.0,1011.1654682427929,10.0,4466.0
0,37487.0,856.0,482.5,1025.0742249547916,22.0,4509.0
0,37492.0,861.0,487.5,1025.0742249547916,27.0,4514.0
0,37511.0,794.6538461538462,410.5,1021.4743847199758,14.0,4533.0
0,37517.0,762.6923076923077,416.5,1012.8222476453822,20.0,4539.0
0,37537.0,792.4,416.0,1031.6932877556198,7.0,4559.0
0,37540.0,795.4,419.0,1031.6932877556198,10.0,4562.0
0,37549.0,832.5,448.5,1043.5518274942872,19.0,4571.0
0,37552.0,835.5,451.5,1043.5518274942872,3.0,4574.0
0,37557.0,840.5,456.5,1043.5518274942872,8.0,4579.0
0,37578.0,861.5,477.5,1043.5518274942872,2.0,4600.0
0,37582.0,865.5,481.5,1043.5518274942872,2.0,4604.0
0,37610.0,858.48,489.0,1036.7613079200055,17.0,4632.0
0,37621.0,869.48,500.0,1036.7613079200055,4.0,4643.0
0,37632.0,887.5416666666666,490.0,1057.5508253809312,7.0,4654.0
0,37640.0,914.2608695652174,519.0,1076.3970585240575,2.0,4662.0
0,37648.0,922.2608695652174,527.0,1076.3970585240575,3.0,4670.0
0,37653.0,927.2608695652174,532.0,1076.3970585240575,8.0,4675.0
0,37669.0,943.2608695652174,548.0,1076.3970585240575,24.0,4691.0
0,37680.0,954.2608695652174,559.0,1076.3970585240575,35.0,4702.0
0,37698.0,1004.2272727272727,597.5,1089.859204076721,7.0,4720.0
0,37718.0,940.3333333333334,576.0,1079.9215120656788,10.0,4740.0
0,37723.0,945.3333333333334,581.0,1079.9215120656788,15.0,4745.0
0,37758.0,942.0,595.0,1074.6385066616588,17.0,4780.0
0,37761.0,945.0,598.0,1074.6385066616588,2.0,4783.0
0,37765.0,949.0,602.0,1074.6385066616588,6.0,4787.0
0,37771.0,983.375,629.0,1087.5835911360255,12.0,4793.0
0,37772.0,984.375,630.0,1087.5835911360255,13.0,4794.0
0,37810.0,908.8,571.0,1081.8588817401278,11.0,4832.0
0,37817.0,915.8,578.0,1081.8588817401278,18.0,4839.0
0,37821.0,919.8,582.0,1081.8588817401278,22.0,4843.0
0,37831.0,929.8,592.0,1081.8588817401278,4.0,4853.0
0,37854.0,952.8,615.0,1081.8588817401278,6.0,4876.0
0,37857.0,955.8,618.0,1081.8588817401278,9.0,4879.0
0,37898.0,1001.9166666666666,641.0,1106.617440546742,14.0,4920.0
0,37907.0,970.64,632.0,1102.0667449841685,4.0,4929.0
0,37909.0,972.64,634.0,1102.0667449841685,6.0,4931.0
0,37913.0,989.25,603.0,1123.0236436365294,10.0,4935.0
0,37916.0,992.25,606.0,1123.0236436365294,2.0,4938.0
0,37937.0,1068.6363636363637,627.0,1151.7715818943893,11.0,4959.0
0,37938.0,1069.6363636363637,628.0,1151.7715818943893,12.0,4960.0
0,37956.0,981.5238095238095,611.0,1068.658465600574,30.0,4978.0
0,37963.0,943.7272727272727,573.5,1064.0778842742918,3.0,4985.0
0,37970.0,950.7272727272727,580.5,1064.0778842742918,7.0,4992.0
0,37976.0,956.7272727272727,586.5,1064.0778842742918,3.0,4998.0
0,37988.0,968.7272727272727,598.5,1064.0778842742918,2.0,5010.0
0,37999.0,991.9047619047619,565.0,1087.6196772577612,13.0,5021.0
0,38000.0,992.9047619047619,566.0,1087.6196772577612,14.0,5022.0
0,38039.0,1016.4761904761905,605.0,1099.5719348497837,3.0,5061.0
0,38056.0,987.0454545454545,615.5,1095.1590369054636,10.0,5078.0
0,38063.0,994.5714285714286,616.0,1120.9282960555324,17.0,5085.0
0,38082.0,968.0,612.5,1114.889843722851,11.0,5104.0
0,38107.0,962.5454545454545,613.5,1132.2311331362407,3.0,5129.0
0,38108.0,963.5454545454545,614.5,1132.2311331362407,4.0,5130.0
0,38131.0,958.6666666666666,636.0,1151.4744722821517,2.0,5153.0
0,38137.0,964.6666666666666,642.0,1151.4744722821517,8.0,5159.0
0,38143.0,970.6666666666666,648.0,1151.4744722821517,14.0,5165.0
0,38166.0,993.6666666666666,671.0,1151.4744722821517,1.0,5188.0
0,38168.0,995.6666666666666,673.0,1151.4744722821517,3.0,5190.0
0,38178.0,1014.3,634.5,1179.2467553485146,4.0,5200.0
0,38185.0,1021.3,641.5,1179.2467553485146,11.0,5207.0
0,38191.0,1027.3,647.5,1179.2467553485146,17.0,5213.0
0,38196.0,1032.3,652.5,1179.2467553485146,22.0,5218.0
0,38201.0,988.0952380952381,609.0,1171.6761256041098,4.0,5223.0
0,38238.0,1025.095238095238,646.0,1171.6761256041098,19.0,5260.0
0,38251.0,1038.095238095238,659.0,1171.6761256041098,4.0,5273.0
0,38262.0,1049.095238095238,670.0,1171.6761256041098,15.0,5284.0
0,38278.0,1065.095238095238,686.0,1171.6761256041098,31.0,5300.0
0,38300.0,1087.095238095238,708.0,1171.6761256041098,8.0,5322.0
0,38315.0,1052.1818181818182,668.5,1167.3654735173259,4.0,5337.0
0,38318.0,1055.1818181818182,671.5,1167.3654735173259,7.0,5340.0
0,38321.0,1058.1818181818182,674.5,1167.3654735173259,1.0,5343.0
0,38335.0,1072.1818181818182,688.5,1167.3654735173259,5.0,5357.0
0,38340.0,1077.1818181818182,693.5,1167.3654735173259,10.0,5362.0
0,38358.0,1095.1818181818182,711.5,1167.3654735173259,28.0,5380.0
0,38360.0,1097.1818181818182,713.5,1167.3654735173259,30.0,5382.0
0,38367.0,1137.3809523809523,775.0,1184.6461989894053,5.0,5389.0
0,38382.0,1152.3809523809523,790.0,1184.6461989894053,20.0,5404.0
0,38384.0,1154.3809523809523,792.0,1184.6461989894053,22.0,5406.0
0,38397.0,1167.3809523809523,805.0,1184.6461989894053,6.0,5419.0
0,38401.0,1171.3809523809523,809.0,1184.6461989894053,10.0,5423.0
0,38406.0,1199.95,862.5,1209.0866170378367,15.0,5428.0
0,38445.0,1046.7142857142858,709.0,1171.7178736838505,4.0,5467.0
0,38454.0,964.2608695652174,681.0,1158.169966402818,1.0,5476.0
0,38473.0,958.2272727272727,650.5,1178.0979636615416,20.0,5495.0
0,38474.0,959.2272727272727,651.5,1178.0979636615416,21.0,5496.0
0,38476.0,961.2272727272727,653.5,1178.0979636615416,23.0,5498.0
0,38517.0,971.952380952381,493.0,1222.5172109486884,28.0,5539.0
0,38539.0,949.2272727272727,505.0,1211.8668893232525,10.0,5561.0
0,38552.0,962.2272727272727,518.0,1211.8668893232525,4.0,5574.0
0,38554.0,964.2272727272727,520.0,1211.8668893232525,6.0,5576.0
0,38558.0,968.2272727272727,524.0,1211.8668893232525,10.0,5580.0
0,38573.0,1003.9047619047619,529.0,1236.5878130974502,12.0,5595.0
0,38580.0,1010.9047619047619,536.0,1236.5878130974502,19.0,5602.0
0,38595.0,1019.8,537.5,1266.81658498774,7.0,5617.0
0,38601.0,1025.8,543.5,1266.81658498774,13.0,5623.0
0,38634.0,1009.4285714285714,563.0,1255.8482457393213,22.0,5656.0
0,38651.0,1050.4,593.5,1282.1643186425056,3.0,5673.0
0,38659.0,1008.3809523809524,588.0,1271.10201442125,8.0,5681.0
0,38669.0,1018.3809523809524,598.0,1271.10201442125,10.0,5691.0
0,38670.0,1019.3809523809524,599.0,1271.10201442125,11.0,5692.0
0,38676.0,1025.3809523809523,605.0,1271.10201442125,17.0,5698.0
0,38682.0,1031.3809523809523,611.0,1271.10201442125,23.0,5704.0
0,38691.0,1040.3809523809523,620.0,1271.10201442125,32.0,5713.0
0,38697.0,1046.3809523809523,626.0,1271.10201442125,38.0,5719.0
0,38701.0,1050.3809523809523,630.0,1271.10201442125,42.0,5723.0
0,38711.0,1071.45,577.0,1301.5038791720906,6.0,5733.0
0,38715.0,1075.45,581.0,1301.5038791720906,10.0,5737.0
0,38719.0,1100.7368421052631,522.0,1331.917052977054,14.0,5741.0
0,38723.0,1104.7368421052631,526.0,1331.917052977054,18.0,5745.0
0,38745.0,1070.55,491.0,1321.0924068739478,1.0,5767.0
0,38788.0,1013.0909090909091,423.5,1299.0557727928567,3.0,5810.0
0,38813.0,993.4782608695652,395.0,1287.618221488815,3.0,5835.0
0,38827.0,965.6666666666666,406.0,1276.3572405700356,4.0,5849.0
0,38842.0,980.6666666666666,421.0,1276.3572405700356,2.0,5864.0
0,38850.0,949.36,426.0,1265.3081167842086,3.0,5872.0
0,38857.0,993.2083333333334,436.0,1278.189408863395,10.0,5879.0
0,38867.0,963.32,443.0,1267.5185748540334,6.0,5889.0
0,38875.0,934.2692307692307,439.0,1256.6343497824873,2.0,5897.0
0,38880.0,904.6296296296297,432.0,1245.7291230484152,4.0,5902.0
0,38898.0,913.4230769230769,448.0,1268.557726562454,7.0,5920.0
0,38914.0,729.16,462.0,794.2735387761575,5.0,3011.0
0,38937.0,752.16,485.0,794.2735387761575,8.0,3034.0
0,38957.0,772.16,505.0,794.2735387761575,6.0,3054.0
0,38962.0,777.16,510.0,794.2735387761575,11.0,3059.0
0,39001.0,840.7083333333334,551.0,801.3059382016472,10.0,3098.0
0,39006.0,858.3913043478261,558.0,816.1786749784652,15.0,3103.0
0,39020.0,811.7916666666666,512.5,832.8566292769458,7.0,3117.0
0,39022.0,813.7916666666666,514.5,832.8566292769458,2.0,3119.0
0,39026.0,817.7916666666666,518.5,832.8566292769458,6.0,3123.0
0,39034.0,803.125,463.5,847.3843732578897,4.0,3131.0
0,39039.0,776.1304347826087,427.0,851.3005551276708,9.0,3136.0
0,39065.0,802.1304347826087,453.0,851.3005551276708,16.0,3162.0
0,39072.0,809.1304347826087,460.0,851.3005551276708,23.0,3169.0
0,39121.0,737.375,424.5,818.6781425210195,7.0,3218.0
0,39137.0,753.375,440.5,818.6781425210195,8.0,3234.0
0,39151.0,737.08,409.0,815.752066255428,10.0,3248.0
0,39165.0,722.7307692307693,393.5,812.3725252754953,14.0,3262.0
0,39197.0,721.3461538461538,385.0,824.0434987728636,2.0,3294.0
0,39206.0,730.3461538461538,394.0,824.0434987728636,1.0,3303.0
0,39226.0,722.7407407407408,403.0,820.7991856447026,5.0,3323.0
0,39227.0,723.7407407407408,404.0,820.7991856447026,6.0,3324.0
0,39228.0,724.7407407407408,405.0,820.7991856447026,7.0,3325.0
0,39232.0,717.3076923076923,398.5,842.3934659523957,1.0,3329.0
0,39238.0,694.7692307692307,404.5,762.1813991479329,7.0,2612.0
0,39241.0,609.9230769230769,388.5,663.5808989621805,10.0,2615.0
0,39249.0,629.84,405.0,673.9887642980408,18.0,2623.0
0,39268.0,648.84,424.0,673.9887642980408,4.0,2642.0
0,39277.0,574.7916666666666,424.5,548.4184062045044,13.0,2365.0
0,39288.0,585.7916666666666,435.5,548.4184062045044,24.0,2376.0
0,39289.0,586.7916666666666,436.5,548.4184062045044,25.0,2377.0
0,39291.0,588.7916666666666,438.5,548.4184062045044,27.0,2379.0
0,39308.0,605.7916666666666,455.5,548.4184062045044,44.0,2396.0
0,39325.0,600.8260869565217,464.0,549.7815101335149,3.0,2413.0
0,39329.0,604.8260869565217,468.0,549.7815101335149,7.0,2417.0
0,39331.0,606.8260869565217,470.0,549.7815101335149,9.0,2419.0
0,39345.0,600.0434782608696,478.0,563.4262019698433,1.0,2433.0
0,39373.0,628.0434782608696,506.0,563.4262019698433,13.0,2461.0
0,39395.0,618.0869565217391,519.0,577.8502072369454,5.0,2483.0
0,39399.0,622.0869565217391,523.0,577.8502072369454,9.0,2487.0
0,39401.0,624.0869565217391,525.0,577.8502072369454,11.0,2489.0
0,39420.0,587.8181818181819,401.5,597.4010101616407,4.0,2508.0
0,39427.0,596.4761904761905,397.0,611.409972273115,11.0,2515.0
0,39443.0,585.3181818181819,388.5,610.1794360799747,9.0,2531.0
0,39444.0,586.3181818181819,389.5,610.1794360799747,10.0,2532.0
0,39455.0,597.3181818181819,400.5,610.1794360799747,21.0,2543.0
0,39494.0,636.3181818181819,439.5,610.1794360799747,16.0,2582.0
0,39497.0,639.3181818181819,442.5,610.1794360799747,19.0,2585.0
0,39501.0,643.3181818181819,446.5,610.1794360799747,23.0,2589.0
0,39515.0,657.3181818181819,460.5,610.1794360799747,6.0,2603.0
0,39517.0,659.3181818181819,462.5,610.1794360799747,8.0,2605.0
0,39519.0,661.3181818181819,464.5,610.1794360799747,10.0,2607.0
0,39531.0,673.3181818181819,476.5,610.1794360799747,5.0,2619.0
0,39537.0,679.3181818181819,482.5,610.1794360799747,11.0,2625.0
0,39552.0,634.2173913043479,464.0,627.0821287672625,9.0,2640.0
0,39555.0,637.2173913043479,467.0,627.0821287672625,12.0,2643.0
0,39566.0,658.3636363636364,482.5,639.3265309864283,6.0,2654.0
0,39580.0,672.3636363636364,496.5,639.3265309864283,20.0,2668.0
0,39599.0,691.3636363636364,515.5,639.3265309864283,39.0,2687.0
0,39602.0,694.3636363636364,518.5,639.3265309864283,42.0,2690.0
0,39618.0,677.3636363636364,498.5,655.3773060025351,16.0,2706.0
0,39623.0,682.3636363636364,503.5,655.3773060025351,21.0,2711.0
0,39642.0,701.3636363636364,522.5,655.3773060025351,40.0,2730.0
0,39654.0,682.4347826086956,503.0,657.1831738621748,2.0,2742.0
0,39661.0,689.4347826086956,510.0,657.1831738621748,9.0,2749.0
0,39679.0,678.2608695652174,500.0,672.8163530938797,1.0,2767.0
0,39700.0,644.44,479.0,671.586842039062,1.0,2788.0
0,39713.0,657.44,492.0,671.586842039062,14.0,2801.0
0,39725.0,641.96,494.0,683.9208422032481,8.0,2813.0
0,39728.0,620.2692307692307,443.0,681.9078190405497,3.0,2816.0
0,39738.0,632.0,399.0,695.3562540166012,4.0,2826.0
0,39748.0,642.0,409.0,695.3562540166012,14.0,2836.0
0,39760.0,654.0,421.0,695.3562540166012,26.0,2848.0
0,39763.0,657.0,424.0,695.3562540166012,29.0,2851.0
0,39768.0,662.0,429.0,695.3562540166012,34.0,2856.0
0,39770.0,664.0,431.0,695.3562540166012,36.0,2858.0
0,39773.0,667.0,434.0,695.3562540166012,39.0,2861.0
0,39779.0,677.7916666666666,416.5,709.2904893369775,45.0,2867.0
0,39798.0,669.52,412.0,707.6857562506116,15.0,2886.0
0,39832.0,703.52,446.0,707.6857562506116,5.0,2920.0
0,39838.0,709.52,452.0,707.6857562506116,6.0,2926.0
0,39841.0,712.52,455.0,707.6857562506116,9.0,2929.0
0,39863.0,732.4583333333334,462.0,722.2051866313494,36.0,2951.0
0,39902.0,771.4583333333334,501.0,722.2051866313494,10.0,2990.0
0,39913.0,737.2916666666666,491.0,735.3364580905957,4.0,3001.0
0,39929.0,695.6538461538462,444.5,734.16032321116,3.0,3017.0
0,39945.0,711.6538461538462,460.5,734.16032321116,7.0,3033.0
0,39951.0,717.6538461538462,466.5,734.16032321116,13.0,3039.0
0,39952.0,692.074074074074,411.0,733.0738897589825,1.0,3040.0
0,39963.0,693.0370370370371,422.0,740.6277858322469,8.0,3051.0
0,39975.0,705.0370370370371,434.0,740.6277858322469,4.0,3063.0
0,39991.0,721.0370370370371,450.0,740.6277858322469,8.0,3079.0
0,40019.0,698.1379310344828,476.0,738.6979562921521,10.0,3107.0
0,40022.0,701.1379310344828,479.0,738.6979562921521,13.0,3110.0
0,40028.0,707.1379310344828,485.0,738.6979562921521,19.0,3116.0
0,40052.0,731.1379310344828,509.0,738.6979562921521,43.0,3140.0
0,40054.0,733.1379310344828,511.0,738.6979562921521,45.0,3142.0
0,40055.0,734.1379310344828,512.0,738.6979562921521,46.0,3143.0
0,40060.0,747.0,487.5,750.580108982379,51.0,3148.0
0,40061.0,748.0,488.5,750.580108982379,52.0,3149.0
0,40067.0,762.5185185185185,465.0,763.0230990324372,58.0,3155.0
0,40085.0,780.5185185185185,483.0,763.0230990324372,7.0,3173.0
0,40094.0,789.5185185185185,492.0,763.0230990324372,16.0,3182.0
0,40099.0,789.6923076923077,472.0,777.1536710344789,21.0,3187.0
0,40118.0,788.36,466.0,785.7340964983001,15.0,3206.0
0,40126.0,822.4166666666666,499.0,791.2827621793756,2.0,3214.0
0,40152.0,845.2608695652174,500.0,808.1536776688445,5.0,3240.0
0,40166.0,864.2272727272727,501.0,825.9733614358594,4.0,3254.0
0,40177.0,837.6086956521739,499.0,826.8634679963761,10.0,3265.0
0,40237.0,915.1363636363636,572.0,841.2577323948052,70.0,3325.0
0,40240.0,878.304347826087,562.0,843.7116463312626,2.0,3328.0
0,40287.0,852.6,599.0,845.9956973885862,1.0,3375.0
0,40296.0,828.7307692307693,593.5,845.6897302335444,7.0,3384.0
0,40298.0,830.7307692307693,595.5,845.6897302335444,2.0,3386.0
0,40318.0,858.12,601.0,861.6142672913443,22.0,3406.0
0,40321.0,861.12,604.0,861.6142672913443,3.0,3409.0
0,40327.0,877.8333333333334,591.5,877.7483820675616,9.0,3415.0
0,40330.0,880.8333333333334,594.5,877.7483820675616,12.0,3418.0
0,40356.0,906.8333333333334,620.5,877.7483820675616,4.0,3444.0
0,40357.0,907.8333333333334,621.5,877.7483820675616,5.0,3445.0
0,40366.0,916.8333333333334,630.5,877.7483820675616,14.0,3454.0
0,40368.0,918.8333333333334,632.5,877.7483820675616,16.0,3456.0
0,40377.0,898.875,532.0,896.0931551509215,4.0,3465.0
0,40378.0,899.875,533.0,896.0931551509215,5.0,3466.0
0,40391.0,918.2608695652174,484.0,914.9858263283932,18.0,3479.0
0,40415.0,903.375,499.5,914.9285861248043,4.0,3503.0
0,40424.0,912.375,508.5,914.9285861248043,13.0,3512.0
0,40429.0,917.375,513.5,914.9285861248043,18.0,3517.0
0,40456.0,847.1538461538462,517.5,927.8311638649853,4.0,3544.0
0,40468.0,827.4444444444445,517.0,924.7319665051832,3.0,3556.0
0,40482.0,851.6923076923077,503.0,940.8417985723362,17.0,3570.0
0,40485.0,854.6923076923077,506.0,940.8417985723362,3.0,3573.0
0,40499.0,868.6923076923077,520.0,940.8417985723362,3.0,3587.0
0,40500.0,869.6923076923077,521.0,940.8417985723362,4.0,3588.0
0,40508.0,877.6923076923077,529.0,940.8417985723362,7.0,3596.0
0,40510.0,879.6923076923077,531.0,940.8417985723362,9.0,3598.0
0,40518.0,832.9615384615385,510.0,949.0563118888648,6.0,3606.0
0,40526.0,803.24,517.0,948.5464787768703,14.0,3614.0
0,40568.0,783.4444444444445,401.0,938.5246236171977,6.0,3656.0
0,40578.0,793.4444444444445,411.0,938.5246236171977,3.0,3666.0
0,40579.0,794.4444444444445,412.0,938.5246236171977,4.0,3667.0
0,40607.0,822.4444444444445,440.0,938.5246236171977,1.0,3695.0
0,40608.0,823.4444444444445,441.0,938.5246236171977,2.0,3696.0
0,40650.0,827.44,412.0,944.9209947926862,1.0,3738.0
0,40673.0,850.44,435.0,944.9209947926862,12.0,3761.0
0,40678.0,827.8,440.0,941.848140625653,17.0,3766.0
0,40681.0,840.25,434.5,960.1077738983265,2.0,3769.0
0,40687.0,846.25,440.5,960.1077738983265,1.0,3775.0
0,40700.0,859.25,453.5,960.1077738983265,13.0,3788.0
0,40711.0,870.25,464.5,960.1077738983265,5.0,3799.0
0,40719.0,843.16,464.0,956.2876420826531,1.0,3807.0
0,40723.0,849.1666666666666,452.5,975.9554150791018,5.0,3811.0
0,40745.0,892.8695652173913,490.0,991.2603880413113,1.0,3833.0
0,40747.0,894.8695652173913,492.0,991.2603880413113,3.0,3835.0
0,40755.0,907.3636363636364,484.5,1013.3094988678768,3.0,3843.0
0,40769.0,921.3636363636364,498.5,1013.3094988678768,9.0,3857.0
0,40791.0,977.3809523809524,536.0,1024.8089009404202,5.0,3879.0
0,40793.0,979.3809523809524,538.0,1024.8089009404202,1.0,3881.0
0,40801.0,987.3809523809524,546.0,1024.8089009404202,5.0,3889.0
0,40811.0,997.3809523809524,556.0,1024.8089009404202,5.0,3899.0
0,40846.0,944.4347826086956,560.0,1019.8660536981424,13.0,3934.0
0,40858.0,956.4347826086956,572.0,1019.8660536981424,8.0,3946.0
0,40861.0,959.4347826086956,575.0,1019.8660536981424,11.0,3949.0
0,40867.0,965.4347826086956,581.0,1019.8660536981424,17.0,3955.0
0,40888.0,998.5,600.5,1041.1806563180614,2.0,3976.0
0,40892.0,1002.5,604.5,1041.1806563180614,4.0,3980.0
0,40893.0,1003.5,605.5,1041.1806563180614,5.0,3981.0
0,40909.0,1019.5,621.5,1041.1806563180614,21.0,3997.0
0,40911.0,1021.5,623.5,1041.1806563180614,23.0,3999.0
0,40918.0,1045.904761904762,629.0,1062.5509692990152,4.0,4006.0
0,40923.0,1079.65,635.5,1080.7928698413957,9.0,4011.0
0,40938.0,1094.65,650.5,1080.7928698413957,5.0,4026.0
0,40943.0,1099.65,655.5,1080.7928698413957,10.0,4031.0
0,40975.0,1097.65,627.5,1104.6164164541462,9.0,4063.0
0,40981.0,1086.05,559.0,1113.8011256503557,15.0,4069.0
0,40993.0,1170.2777777777778,671.0,1151.1731603289438,27.0,4081.0
0,41001.0,1116.6842105263158,595.0,1150.5390522721618,2.0,4089.0
0,41035.0,1149.2631578947369,629.0,1151.9233729131952,15.0,4123.0
0,41114.0,1067.3636363636363,662.5,1144.5413351070354,26.0,4202.0
0,41117.0,1070.3636363636363,665.5,1144.5413351070354,1.0,4205.0
0,41127.0,958.7142857142857,662.0,1023.1257029718453,11.0,4215.0
0,41132.0,963.7142857142857,667.0,1023.1257029718453,2.0,4220.0
0,41135.0,966.7142857142857,670.0,1023.1257029718453,5.0,4223.0
0,41137.0,968.7142857142857,672.0,1023.1257029718453,7.0,4225.0
0,41140.0,971.7142857142857,675.0,1023.1257029718453,10.0,4228.0
0,41154.0,748.7727272727273,622.5,740.3258454478114,2.0,3083.0
0,41165.0,764.8095238095239,613.0,757.3792922243447,13.0,3094.0
0,41197.0,762.1428571428571,479.0,775.9847989253818,4.0,3126.0
0,41217.0,747.1818181818181,449.5,774.8868325799486,11.0,3146.0
0,41220.0,750.1818181818181,452.5,774.8868325799486,14.0,3149.0
0,41221.0,778.5714285714286,503.0,782.6482255125601,15.0,3150.0
0,41222.0,779.5714285714286,504.0,782.6482255125601,16.0,3151.0
0,41227.0,770.9,592.0,779.2956370980144,21.0,3156.0
0,41243.0,743.15,475.5,796.5928241579885,8.0,3172.0
0,41247.0,747.15,479.5,796.5928241579885,3.0,3176.0
0,41258.0,630.3157894736842,441.0,584.060203514706,14.0,1919.0
0,41265.0,642.3333333333334,373.5,599.66611080204,21.0,1926.0
0,41266.0,643.3333333333334,374.5,599.66611080204,22.0,1927.0
0,41281.0,658.3333333333334,389.5,599.66611080204,37.0,1942.0
0,41291.0,642.2222222222222,298.0,617.5260278415221,4.0,1952.0
0,41296.0,613.421052631579,276.0,617.9266108518809,5.0,1957.0
0,41314.0,631.421052631579,294.0,617.9266108518809,10.0,1975.0
0,41369.0,598.1818181818181,293.0,615.6933000036801,24.0,2030.0
0,41371.0,600.1818181818181,295.0,615.6933000036801,26.0,2032.0
0,41381.0,599.8181818181819,305.0,623.8036285099251,6.0,2042.0
0,41383.0,601.8181818181819,307.0,623.8036285099251,8.0,2044.0
0,41384.0,602.8181818181819,308.0,623.8036285099251,9.0,2045.0
0,41403.0,594.9565217391304,323.0,622.9657313668762,3.0,2064.0
0,41413.0,579.875,300.0,621.5986990883534,3.0,2074.0
0,41414.0,580.875,301.0,621.5986990883534,4.0,2075.0
0,41416.0,582.875,303.0,621.5986990883534,6.0,2077.0
0,41421.0,517.5416666666666,290.0,550.0059832376573,11.0,2082.0
0,41441.0,554.8636363636364,271.5,571.2815175673458,10.0,2102.0
0,41454.0,543.2608695652174,261.0,570.5167922225775,2.0,2115.0
0,41479.0,544.9166666666666,280.5,569.6149954623346,3.0,2140.0
0,41488.0,532.25,272.5,580.208170257308,2.0,2149.0
0,41496.0,540.25,280.5,580.208170257308,5.0,2157.0
0,41509.0,531.36,282.0,578.5118757640157,6.0,2170.0
0,41510.0,511.9230769230769,253.0,576.4074362327214,1.0,2171.0
0,41516.0,517.9230769230769,259.0,576.4074362327214,7.0,2177.0
0,41531.0,538.84,244.0,587.0477786347548,22.0,2192.0
0,41554.0,540.9615384615385,265.0,585.0367825891365,1.0,2215.0
0,41566.0,552.9615384615385,277.0,585.0367825891365,3.0,2227.0
0,41583.0,569.9615384615385,294.0,585.0367825891365,20.0,2244.0
0,41605.0,550.6071428571429,295.5,583.1404718839017,4.0,2266.0
0,41607.0,552.6071428571429,297.5,583.1404718839017,6.0,2268.0
0,41612.0,572.3333333333334,321.0,588.7064287565231,11.0,2273.0
0,41616.0,576.3333333333334,325.0,588.7064287565231,15.0,2277.0
0,41641.0,593.1111111111111,350.0,595.1823457490639,4.0,2302.0
0,41644.0,595.0384615384615,334.5,606.494560871624,7.0,2305.0
0,41649.0,579.6153846153846,339.5,587.4849311928759,1.0,2310.0
0,41668.0,564.5769230769231,340.0,594.6887468426671,14.0,2329.0
0,41689.0,558.96,361.0,591.0845272886103,7.0,2350.0
0,41706.0,575.96,378.0,591.0845272886103,4.0,2367.0
0,41716.0,563.8076923076923,385.5,590.0943222668708,10.0,2377.0
0,41722.0,569.8076923076923,391.5,590.0943222668708,1.0,2383.0
0,41727.0,574.8076923076923,396.5,590.0943222668708,6.0,2388.0
0,41732.0,592.56,404.0,598.2571407012206,11.0,2393.0
0,41745.0,605.56,417.0,598.2571407012206,7.0,2406.0
0,41756.0,616.56,428.0,598.2571407012206,4.0,2417.0
0,41760.0,596.7692307692307,429.5,598.5781426843183,2.0,2421.0
0,41764.0,600.7692307692307,433.5,598.5781426843183,6.0,2425.0
0,41802.0,525.2592592592592,427.0,487.2448310420841,2.0,1876.0
0,41807.0,530.2592592592592,432.0,487.2448310420841,7.0,1881.0
0,41822.0,545.2592592592592,447.0,487.2448310420841,22.0,1896.0
0,41839.0,562.2592592592592,464.0,487.2448310420841,4.0,1913.0
0,41857.0,560.0357142857143,464.5,489.86882224755243,14.0,1931.0
0,41858.0,561.0357142857143,465.5,489.86882224755243,15.0,1932.0
0,41860.0,563.0357142857143,467.5,489.86882224755243,17.0,1934.0
0,41861.0,564.0357142857143,468.5,489.86882224755243,18.0,1935.0
0,41862.0,565.0357142857143,469.5,489.86882224755243,19.0,1936.0
0,41863.0,566.0357142857143,470.5,489.86882224755243,20.0,1937.0
0,41902.0,607.6153846153846,454.0,508.2687869260846,2.0,1976.0
0,41903.0,608.6153846153846,455.0,508.2687869260846,3.0,1977.0
0,41915.0,620.6153846153846,467.0,508.2687869260846,15.0,1989.0
0,41927.0,587.8214285714286,432.5,515.7219664544778,4.0,2001.0
0,41950.0,581.6666666666666,447.0,502.01578844878156,6.0,2024.0
0,41957.0,588.6666666666666,454.0,502.01578844878156,13.0,2031.0
0,41988.0,619.6666666666666,485.0,502.01578844878156,3.0,2062.0
0,41992.0,601.8888888888889,483.0,510.86457822396596,7.0,2066.0
0,41993.0,621.6923076923077,487.0,511.3453423779253,8.0,2067.0
0,42004.0,632.6923076923077,498.0,511.3453423779253,11.0,2078.0
0,42007.0,635.6923076923077,501.0,511.3453423779253,14.0,2081.0
0,42025.0,660.24,522.0,520.4020968443537,15.0,2099.0
0,42028.0,637.8076923076923,522.0,525.901425337104,2.0,2102.0
0,42029.0,638.2,520.0,536.3073745530636,3.0,2103.0
0,42040.0,616.2,449.0,549.0289609847554,4.0,2114.0
0,42047.0,599.3461538461538,455.0,551.4203298551067,3.0,2121.0
0,42048.0,600.3461538461538,456.0,551.4203298551067,4.0,2122.0
0,42057.0,604.56,464.0,561.8107923491681,3.0,2131.0
0,42058.0,605.56,465.0,561.8107923491681,4.0,2132.0
0,42065.0,618.4166666666666,459.0,572.6475004068578,6.0,2139.0
0,42088.0,616.36,467.0,574.3485269416122,15.0,2162.0
0,42098.0,602.5769230769231,460.5,575.6123276782282,8.0,2172.0
0,42105.0,609.5769230769231,467.5,575.6123276782282,15.0,2179.0
0,42112.0,616.5769230769231,474.5,575.6123276782282,22.0,2186.0
0,42148.0,652.5769230769231,510.5,575.6123276782282,4.0,2222.0
0,42150.0,654.5769230769231,512.5,575.6123276782282,6.0,2224.0
0,42154.0,634.2592592592592,500.0,578.3019583287426,2.0,2228.0
0,42157.0,637.2592592592592,503.0,578.3019583287426,2.0,2231.0
0,42189.0,624.2413793103449,483.0,582.017694669537,1.0,2263.0
0,42202.0,637.2413793103449,496.0,582.017694669537,7.0,2276.0
0,42221.0,634.5,489.0,584.089933143861,4.0,2295.0
0,42230.0,622.8709677419355,472.0,585.5959050367734,3.0,2304.0
0,42247.0,655.4,515.0,588.9631907004035,20.0,2321.0
0,42259.0,667.4,527.0,588.9631907004035,32.0,2333.0
0,42263.0,671.4,531.0,588.9631907004035,36.0,2337.0
0,42278.0,589.1290322580645,511.0,515.8699349664499,1.0,2269.0
0,42291.0,602.1290322580645,524.0,515.8699349664499,7.0,2282.0
0,42301.0,612.1290322580645,534.0,515.8699349664499,5.0,2292.0
0,42309.0,620.7,525.5,524.3876524099323,5.0,2300.0
0,42313.0,624.7,529.5,524.3876524099323,9.0,2304.0
0,42314.0,625.7,530.5,524.3876524099323,10.0,2305.0
0,42335.0,643.3448275862069,535.0,533.0355022052257,31.0,2326.0
0,42346.0,659.75,562.5,541.6890004553219,10.0,2337.0
0,42361.0,674.75,577.5,541.6890004553219,9.0,2352.0
0,42380.0,693.75,596.5,541.6890004553219,9.0,2371.0
0,42384.0,635.6296296296297,584.0,442.9947034336112,13.0,1978.0
0,42424.0,630.2413793103449,504.0,458.83989057655435,3.0,2018.0
0,42435.0,600.258064516129,512.0,470.43219440397337,3.0,2029.0
0,42442.0,607.258064516129,519.0,470.43219440397337,1.0,2036.0
0,42444.0,609.258064516129,521.0,470.43219440397337,3.0,2038.0
0,42451.0,619.1,476.5,477.9466044096,4.0,2045.0
0,42453.0,621.1,478.5,477.9466044096,1.0,2047.0
0,42462.0,630.1,487.5,477.9466044096,2.0,2056.0
0,42474.0,642.1,499.5,477.9466044096,2.0,2068.0
0,42481.0,637.7586206896551,455.0,482.1318788802296,9.0,2075.0
0,42504.0,660.7586206896551,478.0,482.1318788802296,4.0,2098.0
0,42518.0,674.7586206896551,492.0,482.1318788802296,18.0,2112.0
0,42534.0,688.0357142857143,506.5,490.4466974200194,34.0,2128.0
0,42539.0,693.0357142857143,511.5,490.4466974200194,39.0,2133.0
0,42545.0,699.0357142857143,517.5,490.4466974200194,1.0,2139.0
0,42547.0,701.0357142857143,519.5,490.4466974200194,3.0,2141.0
0,42549.0,703.0357142857143,521.5,490.4466974200194,1.0,2143.0
0,42567.0,721.0357142857143,539.5,490.4466974200194,19.0,2161.0
0,42576.0,730.0357142857143,548.5,490.4466974200194,28.0,2170.0
0,42587.0,741.0357142857143,559.5,490.4466974200194,39.0,2181.0
0,42588.0,742.0357142857143,560.5,490.4466974200194,40.0,2182.0
0,42599.0,753.0357142857143,571.5,490.4466974200194,51.0,2193.0
0,42612.0,739.9655172413793,583.0,501.2722766747264,7.0,2206.0
0,42625.0,752.9655172413793,596.0,501.2722766747264,9.0,2219.0
0,42637.0,764.9655172413793,608.0,501.2722766747264,2.0,2231.0
0,42640.0,767.9655172413793,611.0,501.2722766747264,5.0,2234.0
0,42645.0,772.9655172413793,616.0,501.2722766747264,10.0,2239.0
0,42646.0,773.9655172413793,617.0,501.2722766747264,11.0,2240.0
0,42656.0,781.5925925925926,612.0,516.954991898554,21.0,2250.0
0,42668.0,793.5925925925926,624.0,516.954991898554,5.0,2262.0
0,42697.0,822.5925925925926,653.0,516.954991898554,5.0,2291.0
0,42699.0,824.5925925925926,655.0,516.954991898554,7.0,2293.0
0,42705.0,841.2692307692307,668.5,523.8733374286566,4.0,2299.0
0,42725.0,789.2962962962963,635.0,557.2015936016411,1.0,2319.0
0,42730.0,765.7307692307693,606.5,548.0722550408495,6.0,2324.0
0,42738.0,773.7307692307693,614.5,548.0722550408495,14.0,2332.0
0,42750.0,750.36,593.0,529.0275516454697,26.0,2344.0
0,42810.0,780.7692307692307,637.5,539.440686672659,17.0,2404.0
0,42818.0,788.76,630.0,550.1237155404228,25.0,2412.0
0,42851.0,831.6666666666666,678.5,559.2784538035493,32.0,2445.0
0,42854.0,834.6666666666666,681.5,559.2784538035493,35.0,2448.0
0,42866.0,846.6666666666666,693.5,559.2784538035493,6.0,2460.0
0,42884.0,872.0,727.0,570.1766316715793,3.0,2478.0
0,42891.0,879.0,734.0,570.1766316715793,10.0,2485.0
0,42897.0,864.9130434782609,740.0,592.326871645501,3.0,2491.0
0,42901.0,856.0869565217391,684.0,598.0590281353635,7.0,2495.0
0,42906.0,879.5909090909091,752.5,605.0267957319899,12.0,2500.0
0,42921.0,856.2173913043479,704.0,618.4961394221885,4.0,2515.0
0,42926.0,837.0434782608696,709.0,607.0608792807515,3.0,2520.0
0,42927.0,827.6521739130435,701.0,608.6054343079653,4.0,2521.0
0,42939.0,881.2857142857143,722.0,616.923869877386,16.0,2533.0
0,42954.0,904.7,800.5,630.9817826213368,5.0,2548.0
0,42956.0,906.7,802.5,630.9817826213368,7.0,2550.0
0,42961.0,911.7,807.5,630.9817826213368,12.0,2555.0
0,42969.0,937.7894736842105,879.0,642.299043235959,6.0,2563.0
0,42985.0,975.3888888888889,918.0,653.1487102140835,22.0,2579.0
0,42994.0,932.8947368421053,904.0,672.2202720707146,4.0,2588.0
0,42998.0,936.8947368421053,908.0,672.2202720707146,8.0,2592.0
0,43010.0,902.0,856.5,686.3448841508182,11.0,2604.0
0,43020.0,912.0,866.5,686.3448841508182,21.0,2614.0
0,43021.0,913.0,867.5,686.3448841508182,22.0,2615.0
0,43044.0,936.0,890.5,686.3448841508182,5.0,2638.0
0,43068.0,874.1363636363636,826.5,708.5023446073059,8.0,2662.0
0,43084.0,901.1904761904761,867.0,723.3193735133694,24.0,2678.0
0,43091.0,908.1904761904761,874.0,723.3193735133694,31.0,2685.0
0,43093.0,910.1904761904761,876.0,723.3193735133694,33.0,2687.0
0,43099.0,916.1904761904761,882.0,723.3193735133694,39.0,2693.0
0,43103.0,920.1904761904761,886.0,723.3193735133694,43.0,2697.0
0,43105.0,880.3636363636364,863.5,732.2217464336969,2.0,2699.0
0,43127.0,902.3636363636364,885.5,732.2217464336969,4.0,2721.0
0,43130.0,905.3636363636364,888.5,732.2217464336969,7.0,2724.0
0,43143.0,911.952380952381,877.0,748.8493062337122,20.0,2737.0
0,43164.0,932.952380952381,898.0,748.8493062337122,20.0,2758.0
0,43173.0,899.2272727272727,739.0,757.376808573704,2.0,2767.0
0,43189.0,915.2272727272727,755.0,757.376808573704,18.0,2783.0
0,43192.0,918.2272727272727,758.0,757.376808573704,1.0,2786.0
0,43231.0,957.2272727272727,797.0,757.376808573704,33.0,2825.0
0,43245.0,971.2272727272727,811.0,757.376808573704,47.0,2839.0
0,43246.0,972.2272727272727,812.0,757.376808573704,48.0,2840.0
0,43254.0,888.1818181818181,600.0,747.5546581636348,2.0,2848.0
0,43269.0,864.5652173913044,563.0,753.2250559275936,2.0,2863.0
0,43272.0,867.5652173913044,566.0,753.2250559275936,5.0,2866.0
0,43297.0,892.5652173913044,591.0,753.2250559275936,18.0,2891.0
0,43310.0,905.5652173913044,604.0,753.2250559275936,31.0,2904.0
0,43325.0,846.047619047619,603.0,745.4941778183097,3.0,2919.0
0,43329.0,850.047619047619,607.0,745.4941778183097,7.0,2923.0
0,43330.0,851.047619047619,608.0,745.4941778183097,8.0,2924.0
0,43346.0,896.1,632.0,752.2132609838781,8.0,2940.0
0,43351.0,901.1,637.0,752.2132609838781,13.0,2945.0
0,43363.0,830.4545454545455,555.0,763.3406083115982,4.0,2957.0
0,43394.0,861.4545454545455,586.0,763.3406083115982,35.0,2988.0
0,43403.0,870.4545454545455,595.0,763.3406083115982,3.0,2997.0
0,43405.0,872.4545454545455,597.0,763.3406083115982,5.0,2999.0
0,43421.0,849.9565217391304,527.0,768.0890164818629,3.0,3015.0
0,43422.0,850.9565217391304,528.0,768.0890164818629,4.0,3016.0
0,43436.0,857.1304347826087,542.0,775.8852618193664,2.0,3030.0
0,43441.0,826.375,539.5,778.6649264660207,1.0,3035.0
0,43447.0,832.375,545.5,778.6649264660207,7.0,3041.0
0,43451.0,836.375,549.5,778.6649264660207,4.0,3045.0
0,43468.0,853.375,566.5,778.6649264660207,6.0,3062.0
0,43474.0,859.375,572.5,778.6649264660207,3.0,3068.0
0,43494.0,879.375,592.5,778.6649264660207,23.0,3088.0
0,43497.0,882.375,595.5,778.6649264660207,26.0,3091.0
0,43511.0,901.0434782608696,602.0,795.0834508162113,40.0,3105.0
0,43522.0,937.5454545454545,620.5,803.7002339900757,2.0,3116.0
0,43526.0,941.5454545454545,624.5,803.7002339900757,6.0,3120.0
0,43528.0,943.5454545454545,626.5,803.7002339900757,8.0,3122.0
0,43547.0,977.2857142857143,638.0,819.7028580590677,3.0,3141.0
0,43552.0,982.2857142857143,643.0,819.7028580590677,2.0,3146.0
0,43574.0,959.2272727272727,625.5,827.0470433920135,4.0,3168.0
0,43611.0,996.2272727272727,662.5,827.0470433920135,41.0,3205.0
0,43621.0,1006.2272727272727,672.5,827.0470433920135,1.0,3215.0
0,43628.0,1031.0,719.0,842.3950549305406,8.0,3222.0
0,43633.0,1006.9047619047619,634.0,862.9690114594088,13.0,3227.0
0,43647.0,1093.0526315789473,941.0,873.9993058942331,9.0,3241.0
0,43663.0,1004.1904761904761,664.0,891.957324360715,1.0,3257.0
0,43665.0,1006.1904761904761,666.0,891.957324360715,3.0,3259.0
0,43673.0,1014.1904761904761,674.0,891.957324360715,2.0,3267.0
0,43698.0,992.9090909090909,676.0,896.8868839740205,21.0,3292.0
0,43713.0,1007.9090909090909,691.0,896.8868839740205,14.0,3307.0
0,43733.0,983.6521739130435,688.0,901.4004374207008,10.0,3327.0
0,43737.0,987.6521739130435,692.0,901.4004374207008,14.0,3331.0
0,43750.0,955.2916666666666,601.5,908.4488831320609,2.0,3344.0
0,43754.0,945.4166666666666,605.5,920.3279721864858,1.0,3348.0
0,43756.0,947.4166666666666,607.5,920.3279721864858,3.0,3350.0
0,43776.0,929.28,524.0,920.8849882585773,14.0,3370.0
0,43783.0,942.625,477.5,939.3387218543692,5.0,3377.0
0,43788.0,947.625,482.5,939.3387218543692,10.0,3382.0
0,43800.0,921.4,441.0,939.2180577480397,1.0,3394.0
0,43801.0,922.4,442.0,939.2180577480397,2.0,3395.0
0,43813.0,934.4,454.0,939.2180577480397,14.0,3407.0
0,43816.0,937.4,457.0,939.2180577480397,17.0,3410.0
0,43825.0,946.4,466.0,939.2180577480397,26.0,3419.0
0,43853.0,937.0,494.0,939.7720263651507,1.0,3447.0
0,43869.0,953.0,510.0,939.7720263651507,2.0,3463.0
0,43886.0,970.0,527.0,939.7720263651507,1.0,3480.0
0,43895.0,958.5384615384615,498.5,954.8650420455815,2.0,3489.0
0,43906.0,969.5384615384615,509.5,954.8650420455815,7.0,3500.0
0,43924.0,951.4074074074074,490.0,954.9554288322788,12.0,3518.0
0,43930.0,991.1923076923077,533.5,957.1813596834425,18.0,3524.0
0,43932.0,956.4444444444445,498.0,957.7961715171133,1.0,3526.0
0,43933.0,957.4444444444445,499.0,957.7961715171133,2.0,3527.0
0,43937.0,925.6153846153846,501.5,958.1214021729058,1.0,3531.0
0,43966.0,893.7407407407408,405.0,971.5419051823637,11.0,3560.0
0,43977.0,904.7407407407408,416.0,971.5419051823637,6.0,3571.0
0,43978.0,905.7407407407408,417.0,971.5419051823637,7.0,3572.0
0,43979.0,874.3928571428571,370.0,968.7288555954475,1.0,3573.0
0,43995.0,841.2142857142857,328.0,976.8832858031878,1.0,3589.0
0,44002.0,848.2142857142857,335.0,976.8832858031878,8.0,3596.0
0,44012.0,828.8965517241379,335.0,972.3481122352323,5.0,3606.0
0,44046.0,813.0333333333333,313.0,978.2691001060098,10.0,3640.0
0,44050.0,844.0,327.0,983.9688809208803,14.0,3644.0
0,44053.0,847.0,330.0,983.9688809208803,17.0,3647.0
0,44064.0,858.0,341.0,983.9688809208803,28.0,3658.0
0,44090.0,854.9666666666667,357.0,979.9830094899037,5.0,3684.0
0,44109.0,899.5862068965517,386.0,986.8089818735448,1.0,3703.0
0,44117.0,907.5862068965517,394.0,986.8089818735448,9.0,3711.0
0,44120.0,910.5862068965517,397.0,986.8089818735448,12.0,3714.0
0,44168.0,938.0,425.0,1000.0668943142995,3.0,3762.0
0,44176.0,946.0,433.0,1000.0668943142995,5.0,3770.0
0,44191.0,979.5,458.0,1012.8808454812723,10.0,3785.0
0,44216.0,1004.5,483.0,1012.8808454812723,13.0,3810.0
0,44231.0,984.7931034482758,488.0,1012.0665570082367,13.0,3825.0
0,44241.0,961.6666666666666,494.0,1010.9201529080107,1.0,3835.0
0,44250.0,939.3870967741935,499.0,1009.131043551487,1.0,3844.0
0,44256.0,945.3870967741935,505.0,1009.131043551487,7.0,3850.0
0,44267.0,956.3870967741935,516.0,1009.131043551487,18.0,3861.0
0,44281.0,970.3870967741935,530.0,1009.131043551487,11.0,3875.0
0,44285.0,988.1333333333333,528.5,1022.9528739009546,2.0,3879.0
0,44296.0,990.1,539.5,1030.4939705468119,2.0,3890.0
0,44299.0,993.1,542.5,1030.4939705468119,5.0,3893.0
0,44325.0,952.90625,546.0,1029.9638452202764,1.0,3919.0
0,44334.0,979.9354838709677,572.0,1041.4624313136162,10.0,3928.0
0,44368.0,1013.9354838709677,606.0,1041.4624313136162,4.0,3962.0
0,44376.0,1021.9354838709677,614.0,1041.4624313136162,12.0,3970.0
0,44385.0,1051.7666666666667,628.5,1052.3054272511486,2.0,3979.0
0,44387.0,1053.7666666666667,630.5,1052.3054272511486,4.0,3981.0
0,44392.0,1058.7666666666667,635.5,1052.3054272511486,9.0,3986.0
0,44393.0,1059.7666666666667,636.5,1052.3054272511486,10.0,3987.0
0,44415.0,1097.7241379310344,664.0,1066.7201389936358,32.0,4009.0
0,44417.0,1099.7241379310344,666.0,1066.7201389936358,34.0,4011.0
0,44423.0,1105.7241379310344,672.0,1066.7201389936358,5.0,4017.0
0,44430.0,1112.7241379310344,679.0,1066.7201389936358,12.0,4024.0
0,44431.0,1113.7241379310344,680.0,1066.7201389936358,13.0,4025.0
0,44454.0,1099.5333333333333,697.5,1067.7423138982967,15.0,4048.0
0,44459.0,1069.0645161290322,697.0,1068.1938912884946,5.0,4053.0
0,44461.0,1071.0645161290322,699.0,1068.1938912884946,1.0,4055.0
0,44484.0,1128.8333333333333,727.5,1068.4558042125823,12.0,4078.0
0,44486.0,1094.4193548387098,724.0,1069.8370926391929,2.0,4080.0
0,44502.0,1129.1,745.5,1082.536445883771,6.0,4096.0
0,44508.0,1135.1,751.5,1082.536445883771,1.0,4102.0
0,44527.0,1167.5172413793102,776.0,1098.587419675035,19.0,4121.0
0,44557.0,1218.7857142857142,810.0,1112.1508876671257,5.0,4151.0
0,44565.0,1226.7857142857142,818.0,1112.1508876671257,13.0,4159.0
0,44568.0,1229.7857142857142,821.0,1112.1508876671257,3.0,4162.0
0,44576.0,1237.7857142857142,829.0,1112.1508876671257,11.0,4170.0
0,44578.0,1239.7857142857142,831.0,1112.1508876671257,2.0,4172.0
0,44581.0,1242.7857142857142,834.0,1112.1508876671257,5.0,4175.0
0,44582.0,1258.7777777777778,831.0,1129.777242328748,6.0,4176.0
0,44585.0,1261.7777777777778,834.0,1129.777242328748,9.0,4179.0
0,44591.0,1267.7777777777778,840.0,1129.777242328748,15.0,4185.0
0,44596.0,1272.7777777777778,845.0,1129.777242328748,20.0,4190.0
0,44630.0,1295.6666666666667,879.0,1140.8970155101642,15.0,4224.0
0,44632.0,1297.6666666666667,881.0,1140.8970155101642,2.0,4226.0
0,44644.0,1322.076923076923,823.0,1160.8406079905042,14.0,4238.0
0,44647.0,1325.076923076923,826.0,1160.8406079905042,17.0,4241.0
0,44654.0,1336.56,763.0,1183.609059782832,7.0,4248.0
0,44675.0,1340.68,784.0,1199.6742464519275,4.0,4269.0
0,44692.0,1357.68,801.0,1199.6742464519275,1.0,4286.0
0,44703.0,1368.68,812.0,1199.6742464519275,12.0,4297.0
0,44705.0,1370.68,814.0,1199.6742464519275,14.0,4299.0
0,44719.0,1384.68,828.0,1199.6742464519275,9.0,4313.0
0,44727.0,1392.68,836.0,1199.6742464519275,17.0,4321.0
0,44731.0,1396.68,840.0,1199.6742464519275,1.0,4325.0
0,44741.0,1406.68,850.0,1199.6742464519275,3.0,4335.0
0,44750.0,1415.68,859.0,1199.6742464519275,12.0,4344.0
0,44761.0,1426.68,870.0,1199.6742464519275,23.0,4355.0
0,44768.0,1433.68,877.0,1199.6742464519275,7.0,4362.0
0,44777.0,1442.68,886.0,1199.6742464519275,16.0,4371.0
0,44778.0,1443.68,887.0,1199.6742464519275,1.0,4372.0
0,44781.0,1446.68,890.0,1199.6742464519275,4.0,4375.0
0,44793.0,1458.68,902.0,1199.6742464519275,1.0,4387.0
0,44802.0,1502.0,981.0,1212.3279946725088,1.0,4396.0
0,44852.0,1332.8214285714287,894.0,1244.192539462885,2.0,4446.0
0,44860.0,1340.8214285714287,902.0,1244.192539462885,10.0,4454.0
0,44865.0,1299.448275862069,861.0,1246.9355978781132,1.0,4459.0
0,44871.0,1305.448275862069,867.0,1246.9355978781132,7.0,4465.0
0,44875.0,1309.448275862069,871.0,1246.9355978781132,11.0,4469.0
0,44891.0,1323.7586206896551,887.0,1248.6852300740145,8.0,4485.0
0,44896.0,1361.5,938.0,1258.496367552508,13.0,4490.0
0,44898.0,1363.5,940.0,1258.496367552508,15.0,4492.0
0,44901.0,1358.7857142857142,943.0,1251.3387789866972,1.0,4495.0
0,44902.0,1317.3214285714287,944.0,1234.7036386336204,2.0,4496.0
0,44903.0,1269.25,744.5,1256.023902894709,3.0,4497.0
0,44917.0,1348.2307692307693,876.5,1279.492606997378,6.0,4511.0
0,44929.0,1327.8076923076924,807.0,1302.4360022438061,9.0,4523.0
0,44941.0,1339.8076923076924,819.0,1302.4360022438061,4.0,4535.0
0,44946.0,1373.72,942.0,1320.0224095067476,4.0,4540.0
0,44956.0,1383.72,952.0,1320.0224095067476,1.0,4550.0
0,44962.0,1389.72,958.0,1320.0224095067476,7.0,4556.0
0,45022.0,1394.423076923077,900.0,1323.588019016053,12.0,4616.0
0,45032.0,1352.5555555555557,792.0,1325.4987135060423,4.0,4626.0
0,45038.0,1396.6923076923076,916.0,1336.1334505329683,10.0,4632.0
0,45060.0,1366.3703703703704,820.0,1338.0244184271342,6.0,4654.0
0,45074.0,1331.2142857142858,807.0,1338.5105089811814,4.0,4668.0
0,45075.0,1332.2142857142858,808.0,1338.5105089811814,1.0,4669.0
0,45077.0,1334.2142857142858,810.0,1338.5105089811814,3.0,4671.0
0,45081.0,1338.2142857142858,814.0,1338.5105089811814,7.0,4675.0
0,45084.0,1341.2142857142858,817.0,1338.5105089811814,10.0,4678.0
0,45092.0,1349.2142857142858,825.0,1338.5105089811814,18.0,4686.0
0,45107.0,1364.2142857142858,840.0,1338.5105089811814,11.0,4701.0
0,45120.0,1377.2142857142858,853.0,1338.5105089811814,24.0,4714.0
0,45123.0,1380.2142857142858,856.0,1338.5105089811814,27.0,4717.0
0,45145.0,1402.2142857142858,878.0,1338.5105089811814,11.0,4739.0
0,45150.0,1269.392857142857,848.5,1275.7541842065064,1.0,4744.0
0,45154.0,1273.392857142857,852.5,1275.7541842065064,5.0,4748.0
0,45158.0,1277.392857142857,856.5,1275.7541842065064,9.0,4752.0
0,45184.0,1283.0,875.0,1309.4511997185862,10.0,4778.0
0,45211.0,1310.0,902.0,1309.4511997185862,25.0,4805.0
0,45218.0,1317.0,909.0,1309.4511997185862,32.0,4812.0
0,45226.0,1325.0,917.0,1309.4511997185862,40.0,4820.0
0,45248.0,1251.1923076923076,866.5,1238.0528763167642,19.0,4842.0
0,45259.0,1262.1923076923076,877.5,1238.0528763167642,30.0,4853.0
0,45262.0,1265.1923076923076,880.5,1238.0528763167642,33.0,4856.0
0,45267.0,1270.1923076923076,885.5,1238.0528763167642,38.0,4861.0
0,45283.0,1286.1923076923076,901.5,1238.0528763167642,8.0,4877.0
0,45330.0,1239.5,795.5,1239.9228518627394,1.0,4924.0
0,45333.0,1242.5,798.5,1239.9228518627394,4.0,4927.0
0,45351.0,1260.5,816.5,1239.9228518627394,22.0,4945.0
0,45355.0,1300.7777777777778,901.0,1247.9982292643342,26.0,4949.0
0,45356.0,1301.7777777777778,902.0,1247.9982292643342,27.0,4950.0
0,45358.0,1303.7777777777778,904.0,1247.9982292643342,2.0,4952.0
0,45368.0,1329.1538461538462,906.0,1269.259617387775,12.0,4962.0
0,45381.0,1342.1538461538462,919.0,1269.259617387775,25.0,4975.0
0,45382.0,1343.1538461538462,920.0,1269.259617387775,26.0,4976.0
0,45402.0,1345.2692307692307,940.0,1284.731356464854,17.0,4996.0
0,45408.0,1344.64,793.0,1309.7379243192124,6.0,5002.0
0,45443.0,1278.9259259259259,607.0,1309.6359382703758,2.0,5037.0
0,45446.0,1281.9259259259259,610.0,1309.6359382703758,5.0,5040.0
0,45458.0,1250.8846153846155,620.0,1315.710639421294,17.0,5052.0
0,45466.0,1258.8846153846155,628.0,1315.710639421294,2.0,5060.0
0,45506.0,1274.7307692307693,668.0,1333.1962622467252,12.0,5100.0
0,45508.0,1276.7307692307693,670.0,1333.1962622467252,14.0,5102.0
0,45512.0,1280.7307692307693,674.0,1333.1962622467252,18.0,5106.0
0,45514.0,1282.7307692307693,676.0,1333.1962622467252,20.0,5108.0
0,45534.0,1185.7142857142858,587.5,1342.8436473485997,1.0,5128.0
0,45537.0,1188.7142857142858,590.5,1342.8436473485997,4.0,5131.0
0,45564.0,1251.1851851851852,681.0,1354.5427829683465,31.0,5158.0
0,45565.0,1252.1851851851852,682.0,1354.5427829683465,32.0,5159.0
0,45575.0,1240.576923076923,628.5,1375.7718161950718,42.0,5169.0
0,45578.0,1243.576923076923,631.5,1375.7718161950718,45.0,5172.0
0,45606.0,1249.76,596.0,1415.9954598797272,9.0,5200.0
0,45625.0,1268.76,615.0,1415.9954598797272,28.0,5219.0
0,45635.0,1278.76,625.0,1415.9954598797272,38.0,5229.0
0,45648.0,1242.1538461538462,629.0,1410.4769976666564,2.0,5242.0
0,45653.0,1247.1538461538462,634.0,1410.4769976666564,7.0,5247.0
0,45672.0,1266.1538461538462,653.0,1410.4769976666564,26.0,5266.0
0,45678.0,1272.1538461538462,659.0,1410.4769976666564,32.0,5272.0
0,45691.0,1237.851851851852,663.0,1404.9685564875795,8.0,5285.0
0,45699.0,1262.3846153846155,658.0,1429.1526558102419,16.0,5293.0
0,45702.0,1265.3846153846155,661.0,1429.1526558102419,19.0,5296.0
0,45710.0,1226.3703703703704,656.0,1422.7785582404424,4.0,5304.0
0,45716.0,1264.1923076923076,675.0,1440.421920539811,1.0,5310.0
0,45736.0,1284.1923076923076,695.0,1440.421920539811,21.0,5330.0
0,45737.0,1285.1923076923076,696.0,1440.421920539811,22.0,5331.0
0,45738.0,1286.1923076923076,697.0,1440.421920539811,23.0,5332.0
0,45741.0,1241.5555555555557,687.0,1434.214440635847,3.0,5335.0
0,45742.0,1242.5555555555557,688.0,1434.214440635847,4.0,5336.0
0,45763.0,1263.5555555555557,709.0,1434.214440635847,25.0,5357.0
0,45779.0,1245.037037037037,605.0,1452.991944651054,11.0,5373.0
0,45833.0,1253.25,553.5,1446.509706278234,4.0,5427.0
0,45847.0,1267.25,567.5,1446.509706278234,2.0,5441.0
0,45850.0,1270.25,570.5,1446.509706278234,5.0,5444.0
0,45852.0,1288.1851851851852,467.0,1470.638033292253,7.0,5446.0
0,45853.0,1289.1851851851852,468.0,1470.638033292253,8.0,5447.0
0,45867.0,1303.1851851851852,482.0,1470.638033292253,22.0,5461.0
0,45880.0,1316.1851851851852,495.0,1470.638033292253,7.0,5474.0
0,45884.0,1320.1851851851852,499.0,1470.638033292253,11.0,5478.0
0,45889.0,1314.8076923076924,490.5,1497.6822868180423,16.0,5483.0
0,45892.0,1317.8076923076924,493.5,1497.6822868180423,19.0,5486.0
0,45899.0,1357.24,487.0,1518.3629679361916,26.0,5493.0
0,45902.0,1360.24,490.0,1518.3629679361916,29.0,5496.0
0,45903.0,1361.24,491.0,1518.3629679361916,30.0,5497.0
0,45908.0,1285.8260869565217,496.0,1462.1839726088685,35.0,5502.0
0,45923.0,1300.8260869565217,511.0,1462.1839726088685,50.0,5517.0
0,45926.0,1303.8260869565217,514.0,1462.1839726088685,53.0,5520.0
0,45927.0,1304.8260869565217,515.0,1462.1839726088685,54.0,5521.0
0,45961.0,1378.3636363636363,668.0,1482.973013469121,34.0,5555.0
0,45974.0,1349.7272727272727,507.5,1508.2658971577014,4.0,5568.0
0,46000.0,1375.7272727272727,533.5,1508.2658971577014,8.0,5594.0
0,46021.0,1336.7826086956522,500.0,1501.669996646393,18.0,5615.0
0,46027.0,1286.9583333333333,504.0,1494.2322298080785,3.0,5621.0
0,46050.0,1353.3478260869565,529.0,1511.496483008627,26.0,5644.0
0,46067.0,1370.3478260869565,546.0,1511.496483008627,43.0,5661.0
0,46071.0,1374.3478260869565,550.0,1511.496483008627,47.0,5665.0
0,46075.0,1378.3478260869565,554.0,1511.496483008627,51.0,5669.0
0,46086.0,1389.3478260869565,565.0,1511.496483008627,62.0,5680.0
0,46098.0,1401.3478260869565,577.0,1511.496483008627,7.0,5692.0
0,46100.0,1403.3478260869565,579.0,1511.496483008627,9.0,5694.0
0,46106.0,1325.3333333333333,581.0,1475.7995841910288,15.0,5700.0
0,46107.0,1326.3333333333333,582.0,1475.7995841910288,16.0,5701.0
0,46108.0,1327.3333333333333,583.0,1475.7995841910288,17.0,5702.0
0,46118.0,1337.3333333333333,593.0,1475.7995841910288,6.0,5712.0
0,46126.0,1345.3333333333333,601.0,1475.7995841910288,5.0,5720.0
0,46127.0,1346.3333333333333,602.0,1475.7995841910288,6.0,5721.0
0,46167.0,1386.3333333333333,642.0,1475.7995841910288,23.0,5761.0
0,46181.0,1445.45,658.0,1498.0446747343688,37.0,5775.0
0,46184.0,1448.45,661.0,1498.0446747343688,40.0,5778.0
0,46190.0,1385.3333333333333,665.0,1494.2611594692587,3.0,5784.0
0,46211.0,1406.3333333333333,686.0,1494.2611594692587,24.0,5805.0
0,46252.0,1382.8181818181818,723.0,1489.5405526038016,20.0,5846.0
0,46256.0,1386.8181818181818,727.0,1489.5405526038016,24.0,5850.0
0,46262.0,1392.8181818181818,733.0,1489.5405526038016,30.0,5856.0
0,46273.0,1403.8181818181818,744.0,1489.5405526038016,2.0,5867.0
0,46284.0,1457.6190476190477,759.0,1511.318234938041,13.0,5878.0
0,46292.0,1465.6190476190477,767.0,1511.318234938041,4.0,5886.0
0,46296.0,1469.6190476190477,771.0,1511.318234938041,8.0,5890.0
0,46298.0,1471.6190476190477,773.0,1511.318234938041,10.0,5892.0
0,46312.0,1366.9545454545455,747.0,1536.0916011178479,5.0,5906.0
0,46328.0,1382.9545454545455,763.0,1536.0916011178479,21.0,5922.0
0,46329.0,1383.9545454545455,764.0,1536.0916011178479,22.0,5923.0
0,46330.0,1384.9545454545455,765.0,1536.0916011178479,23.0,5924.0
0,46345.0,1399.9545454545455,780.0,1536.0916011178479,38.0,5939.0
0,46371.0,1307.7916666666667,749.5,1522.017109495561,2.0,5965.0
0,46373.0,1309.7916666666667,751.5,1522.017109495561,4.0,5967.0
0,46397.0,1280.88,751.0,1513.6268052594735,11.0,5991.0
0,46398.0,1281.88,752.0,1513.6268052594735,12.0,5992.0
0,46400.0,1283.88,754.0,1513.6268052594735,14.0,5994.0
0,46415.0,1228.9166666666667,739.0,1504.711099532251,29.0,6009.0
0,46425.0,1238.9166666666667,749.0,1504.711099532251,39.0,6019.0
0,46426.0,1239.9166666666667,750.0,1504.711099532251,40.0,6020.0
0,46432.0,1317.7727272727273,780.5,1548.5794350077513,46.0,6026.0
0,46435.0,1320.7727272727273,783.5,1548.5794350077513,49.0,6029.0
0,46439.0,1324.7727272727273,787.5,1548.5794350077513,53.0,6033.0
0,46441.0,1326.7727272727273,789.5,1548.5794350077513,55.0,6035.0
0,46442.0,1327.7727272727273,790.5,1548.5794350077513,56.0,6036.0
0,46446.0,1354.7619047619048,740.0,1581.3495413355286,60.0,6040.0
0,46460.0,1306.909090909091,699.0,1570.777164599246,8.0,6054.0
0,46477.0,1266.4347826086957,661.0,1559.7236050042843,2.0,6071.0
0,46485.0,1254.7391304347825,669.0,1572.6773962948141,8.0,6079.0
0,46491.0,1260.7391304347825,675.0,1572.6773962948141,14.0,6085.0
0,46503.0,1171.2,533.0,1547.261063944931,1.0,6097.0
0,46510.0,1178.2,540.0,1547.261063944931,8.0,6104.0
0,46553.0,1221.2,583.0,1547.261063944931,21.0,6147.0
0,46562.0,1230.2,592.0,1547.261063944931,30.0,6156.0
0,46565.0,1233.2,595.0,1547.261063944931,33.0,6159.0
0,46569.0,1189.7692307692307,582.5,1535.637059176026,4.0,6163.0
0,46578.0,1154.6666666666667,575.0,1523.618086685136,8.0,6172.0
0,46587.0,1163.6666666666667,584.0,1523.618086685136,17.0,6181.0
0,46594.0,1170.6666666666667,591.0,1523.618086685136,4.0,6188.0
0,46618.0,1152.2142857142858,523.0,1512.3372724065898,6.0,6212.0
0,46627.0,1161.2142857142858,532.0,1512.3372724065898,15.0,6221.0
0,46644.0,1178.2142857142858,549.0,1512.3372724065898,2.0,6238.0
0,46652.0,1143.3703703703704,465.0,1523.3111874915444,6.0,6246.0
0,46656.0,1147.3703703703704,469.0,1523.3111874915444,2.0,6250.0
0,46669.0,1149.6666666666667,482.0,1530.318291753083,9.0,6263.0
0,46674.0,1154.6666666666667,487.0,1530.318291753083,14.0,6268.0
0,46675.0,1155.6666666666667,488.0,1530.318291753083,15.0,6269.0
0,46707.0,1145.4642857142858,501.5,1518.658559437592,6.0,6301.0
0,46716.0,1154.4642857142858,510.5,1518.658559437592,3.0,6310.0
0,46734.0,1132.551724137931,510.0,1507.1163739293636,9.0,6328.0
0,46773.0,1171.551724137931,549.0,1507.1163739293636,5.0,6367.0
0,46780.0,1178.551724137931,556.0,1507.1163739293636,12.0,6374.0
0,46794.0,1192.551724137931,570.0,1507.1163739293636,26.0,6388.0
0,46796.0,1194.551724137931,572.0,1507.1163739293636,28.0,6390.0
0,46797.0,1195.551724137931,573.0,1507.1163739293636,29.0,6391.0
0,46811.0,1234.642857142857,605.5,1527.8297683382166,1.0,6405.0
0,46822.0,1203.0344827586207,598.0,1518.092620925183,8.0,6416.0
0,46838.0,1178.8666666666666,547.5,1508.1694806029668,14.0,6432.0
0,46847.0,1215.2068965517242,623.0,1526.6250895653357,23.0,6441.0
0,46878.0,1246.2068965517242,654.0,1526.6250895653357,18.0,6472.0
0,46885.0,1253.2068965517242,661.0,1526.6250895653357,25.0,6479.0
0,46889.0,1257.2068965517242,665.0,1526.6250895653357,29.0,6483.0
0,46906.0,1270.6785714285713,615.5,1553.5309103911693,46.0,6500.0
0,46928.0,1336.2592592592594,704.0,1565.1408549225212,10.0,6522.0
0,46930.0,1338.2592592592594,706.0,1565.1408549225212,12.0,6524.0
0,46941.0,1349.2592592592594,717.0,1565.1408549225212,23.0,6535.0
0,46948.0,1372.076923076923,657.5,1592.8366066930098,36.0,6542.0
0,46958.0,1414.48,734.0,1615.9562647547118,46.0,6552.0
0,46959.0,1415.48,735.0,1615.9562647547118,1.0,6553.0
0,46964.0,1420.48,740.0,1615.9562647547118,6.0,6558.0
0,46999.0,1349.851851851852,642.0,1599.1720242792244,2.0,6593.0
0,47010.0,1360.851851851852,653.0,1599.1720242792244,4.0,6604.0
0,47014.0,1325.076923076923,598.0,1616.4762941248027,8.0,6608.0
0,47043.0,1304.5925925925926,568.0,1606.2017828879839,5.0,6637.0
0,47049.0,1310.5925925925926,574.0,1606.2017828879839,11.0,6643.0
0,47051.0,1312.5925925925926,576.0,1606.2017828879839,13.0,6645.0
0,47067.0,1310.1851851851852,592.0,1618.370992513815,5.0,6661.0
0,47069.0,1312.1851851851852,594.0,1618.370992513815,7.0,6663.0
0,47075.0,1316.2307692307693,599.0,1649.1686089032,13.0,6669.0
0,47076.0,1317.2307692307693,600.0,1649.1686089032,14.0,6670.0
0,47091.0,1380.0,605.0,1707.3332275803689,2.0,6685.0
0,47095.0,1384.0,609.0,1707.3332275803689,6.0,6689.0
0,47096.0,1385.0,610.0,1707.3332275803689,7.0,6690.0
0,47102.0,1419.0869565217392,605.0,1738.6179146978006,6.0,6696.0
0,47130.0,1447.0869565217392,633.0,1738.6179146978006,23.0,6724.0
0,47138.0,1479.6818181818182,638.5,1773.7753620805445,42.0,6732.0
0,47171.0,1388.4583333333333,635.0,1747.5250112460637,7.0,6765.0
0,47184.0,1401.4583333333333,648.0,1747.5250112460637,11.0,6778.0
0,47193.0,1441.5217391304348,623.0,1778.6121083969113,5.0,6787.0
0,47197.0,1445.5217391304348,627.0,1778.6121083969113,9.0,6791.0
0,47233.0,1364.2,621.0,1751.7651440761117,1.0,6827.0
0,47234.0,1365.2,622.0,1751.7651440761117,2.0,6828.0
0,47243.0,1374.2,631.0,1751.7651440761117,11.0,6837.0
0,47248.0,1358.96,636.0,1763.649545232839,16.0,6842.0
0,47255.0,1419.0833333333333,664.0,1780.3117684988647,23.0,6849.0
0,47256.0,1420.0833333333333,665.0,1780.3117684988647,24.0,6850.0
0,47258.0,1365.24,646.0,1766.430735239851,1.0,6852.0
0,47279.0,1284.3333333333333,578.0,1737.5150199190925,8.0,6873.0
0,47280.0,1285.3333333333333,579.0,1737.5150199190925,9.0,6874.0
0,47296.0,1272.037037037037,577.0,1752.426750864862,3.0,6890.0
0,47298.0,1274.037037037037,579.0,1752.426750864862,5.0,6892.0
0,47317.0,1319.7692307692307,554.5,1780.3989463836538,24.0,6911.0
0,47320.0,1322.7692307692307,557.5,1780.3989463836538,27.0,6914.0
0,47338.0,1313.1153846153845,443.0,1795.2549278353645,7.0,6932.0
0,47350.0,1325.1153846153845,455.0,1795.2549278353645,11.0,6944.0
0,47359.0,1383.4,535.0,1813.4785799672406,1.0,6953.0
0,47369.0,1393.4,545.0,1813.4785799672406,11.0,6963.0
0,47403.0,1373.2692307692307,508.0,1798.7410673898546,3.0,6997.0
0,47413.0,1383.2692307692307,518.0,1798.7410673898546,2.0,7007.0
0,47422.0,1392.2692307692307,527.0,1798.7410673898546,11.0,7016.0
0,47428.0,1398.2692307692307,533.0,1798.7410673898546,17.0,7022.0
0,47475.0,1445.2692307692307,580.0,1798.7410673898546,13.0,7069.0
0,47477.0,1447.2692307692307,582.0,1798.7410673898546,15.0,7071.0
0,47480.0,1450.2692307692307,585.0,1798.7410673898546,18.0,7074.0
0,47488.0,1458.2692307692307,593.0,1798.7410673898546,26.0,7082.0
0,47511.0,1481.2692307692307,616.0,1798.7410673898546,10.0,7105.0
0,47520.0,1490.2692307692307,625.0,1798.7410673898546,19.0,7114.0
0,47534.0,1504.2692307692307,639.0,1798.7410673898546,33.0,7128.0
0,47547.0,1461.1851851851852,581.0,1788.1325876152564,3.0,7141.0
0,47549.0,1411.0,579.5,1776.7255194397842,2.0,7143.0
0,47554.0,1416.0,584.5,1776.7255194397842,7.0,7148.0
0,47562.0,1424.0,592.5,1776.7255194397842,15.0,7156.0
0,47586.0,1448.0,616.5,1776.7255194397842,13.0,7180.0
0,47594.0,1456.0,624.5,1776.7255194397842,21.0,7188.0
0,47608.0,1470.0,638.5,1776.7255194397842,3.0,7202.0
0,47629.0,1503.4814814814815,656.0,1808.1228729627692,24.0,7223.0
0,47663.0,1581.3461538461538,693.5,1828.4146125980647,58.0,7257.0
0,47688.0,1631.12,715.0,1860.340470344071,21.0,7282.0
0,47694.0,1637.12,721.0,1860.340470344071,3.0,7288.0
0,47714.0,1657.12,741.0,1860.340470344071,5.0,7308.0
0,47725.0,1706.0,726.0,1889.2318765395987,16.0,7319.0
0,47748.0,1729.0,749.0,1889.2318765395987,39.0,7342.0
0,47760.0,1741.0,761.0,1889.2318765395987,11.0,7354.0
0,47764.0,1745.0,765.0,1889.2318765395987,15.0,7358.0
0,47784.0,1694.6,759.0,1882.9171622777246,2.0,7378.0
0,47806.0,1755.5833333333333,788.5,1911.8338255164563,14.0,7400.0
0,47837.0,1715.6,775.0,1905.2116522843332,12.0,7431.0
0,47851.0,1663.2692307692307,750.5,1897.423730253782,5.0,7445.0
0,47853.0,1665.2692307692307,752.5,1897.423730253782,7.0,7447.0
0,47863.0,1613.4074074074074,724.0,1888.4847004010476,1.0,7457.0
0,47874.0,1624.4074074074074,735.0,1888.4847004010476,2.0,7468.0
0,47886.0,1578.3214285714287,737.0,1878.8564161207103,9.0,7480.0
0,47907.0,1544.8275862068965,748.0,1868.5614800579194,19.0,7501.0
0,47909.0,1546.8275862068965,750.0,1868.5614800579194,21.0,7503.0
0,47913.0,1581.7142857142858,764.0,1894.3477931004354,25.0,7507.0
0,47915.0,1583.7142857142858,766.0,1894.3477931004354,27.0,7509.0
0,47921.0,1666.3076923076924,820.5,1944.7938741722096,33.0,7515.0
0,47963.0,1610.3703703703704,804.0,1955.2069540578455,4.0,7557.0
0,47966.0,1613.3703703703704,807.0,1955.2069540578455,7.0,7560.0
0,47969.0,1649.3076923076924,820.0,1985.0881354049357,10.0,7563.0
0,47982.0,1601.111111111111,823.0,1972.8148029943359,10.0,7576.0
0,48005.0,1624.111111111111,846.0,1972.8148029943359,7.0,7599.0
0,48020.0,1639.111111111111,861.0,1972.8148029943359,22.0,7614.0
0,48041.0,1601.357142857143,815.0,1961.1739052757898,7.0,7635.0
0,48043.0,1603.357142857143,817.0,1961.1739052757898,9.0,7637.0
0,48050.0,1651.2592592592594,891.0,1985.3995883391408,16.0,7644.0
0,48056.0,1657.2592592592594,897.0,1985.3995883391408,22.0,7650.0
0,48064.0,1665.2592592592594,905.0,1985.3995883391408,30.0,7658.0
0,48076.0,1617.392857142857,850.0,1974.2847229039273,1.0,7670.0
0,48078.0,1619.392857142857,852.0,1974.2847229039273,3.0,7672.0
0,48115.0,1650.3214285714287,889.0,1979.092740438179,3.0,7709.0
0,48122.0,1657.3214285714287,896.0,1979.092740438179,10.0,7716.0
0,48134.0,1669.3214285714287,908.0,1979.092740438179,22.0,7728.0
0,48141.0,1676.3214285714287,915.0,1979.092740438179,4.0,7735.0
0,48164.0,1699.3214285714287,938.0,1979.092740438179,4.0,7758.0
0,48175.0,1651.655172413793,882.0,1969.292806302812,1.0,7769.0
0,48192.0,1668.655172413793,899.0,1969.292806302812,18.0,7786.0
0,48195.0,1671.655172413793,902.0,1969.292806302812,21.0,7789.0
0,48207.0,1627.6333333333334,895.0,1959.555723173552,3.0,7801.0
0,48208.0,1628.6333333333334,896.0,1959.555723173552,4.0,7802.0
0,48210.0,1630.6333333333334,898.0,1959.555723173552,1.0,7804.0
0,48231.0,1693.0,938.0,1980.1342169765612,22.0,7825.0
0,48234.0,1696.0,941.0,1980.1342169765612,25.0,7828.0
0,48265.0,1727.0,972.0,1980.1342169765612,9.0,7859.0
0,48283.0,1691.0714285714287,971.0,1994.1475251447214,16.0,7877.0
0,48296.0,1704.0714285714287,984.0,1994.1475251447214,11.0,7890.0
0,48323.0,1731.0714285714287,1011.0,1994.1475251447214,5.0,7917.0
0,48326.0,1734.0714285714287,1014.0,1994.1475251447214,8.0,7920.0
0,48361.0,1769.0714285714287,1049.0,1994.1475251447214,43.0,7955.0
0,48369.0,1812.4444444444443,1076.0,2022.095875173841,51.0,7963.0
0,48386.0,1829.4444444444443,1093.0,2022.095875173841,68.0,7980.0
0,48405.0,1782.75,1093.0,2014.786866165111,9.0,7999.0
0,48407.0,1784.75,1095.0,2014.786866165111,11.0,8001.0
0,48421.0,1625.7692307692307,843.0,1868.3663845042713,1.0,8015.0
0,48487.0,1629.5925925925926,662.0,1860.6500508685083,4.0,8081.0
0,48488.0,1630.5925925925926,663.0,1860.6500508685083,5.0,8082.0
0,48490.0,1632.5925925925926,665.0,1860.6500508685083,7.0,8084.0
0,48513.0,1549.142857142857,661.0,1875.1441033060007,5.0,8107.0
0,48516.0,1552.142857142857,664.0,1875.1441033060007,8.0,8110.0
0,48528.0,1564.142857142857,676.0,1875.1441033060007,2.0,8122.0
0,48536.0,1572.142857142857,684.0,1875.1441033060007,10.0,8130.0
0,48537.0,1573.142857142857,685.0,1875.1441033060007,11.0,8131.0
0,48541.0,1610.9259259259259,695.0,1901.1673982041962,15.0,8135.0
0,48574.0,1643.9259259259259,728.0,1901.1673982041962,48.0,8168.0
0,48577.0,1646.9259259259259,731.0,1901.1673982041962,51.0,8171.0
0,48582.0,1651.9259259259259,736.0,1901.1673982041962,56.0,8176.0
0,48591.0,1660.9259259259259,745.0,1901.1673982041962,65.0,8185.0
0,48603.0,1613.5714285714287,751.0,1892.2130548376313,11.0,8197.0
0,48659.0,1752.6153846153845,823.5,1938.715833442394,33.0,8253.0
0,48662.0,1755.6153846153845,826.5,1938.715833442394,36.0,8256.0
0,48675.0,1768.6153846153845,839.5,1938.715833442394,7.0,8269.0
0,48708.0,1801.6153846153845,872.5,1938.715833442394,40.0,8302.0
0,48711.0,1804.6153846153845,875.5,1938.715833442394,43.0,8305.0
0,48718.0,1849.68,893.0,1967.559924779929,50.0,8312.0
0,48738.0,1798.1153846153845,902.5,1962.252166162511,2.0,8332.0
0,48753.0,1736.8148148148148,907.0,1963.2991137753036,1.0,8347.0
0,48756.0,1739.8148148148148,910.0,1963.2991137753036,4.0,8350.0
0,48767.0,1750.8148148148148,921.0,1963.2991137753036,15.0,8361.0
0,48798.0,1727.851851851852,910.0,1991.0379519738626,10.0,8392.0
0,48801.0,1730.851851851852,913.0,1991.0379519738626,13.0,8395.0
0,48802.0,1731.851851851852,914.0,1991.0379519738626,14.0,8396.0
0,48809.0,1738.851851851852,921.0,1991.0379519738626,21.0,8403.0
0,48810.0,1739.851851851852,922.0,1991.0379519738626,22.0,8404.0
0,48828.0,1715.5384615384614,919.0,2017.0178907480306,15.0,8422.0
0,48837.0,1660.851851851852,907.0,2005.7758396173951,5.0,8431.0
0,48840.0,1663.851851851852,910.0,2005.7758396173951,8.0,8434.0
0,48866.0,1815.6666666666667,999.0,2091.1481030498267,10.0,8460.0
0,48884.0,1870.0869565217392,1038.0,2128.6596704120093,28.0,8478.0
0,48901.0,1887.0869565217392,1055.0,2128.6596704120093,45.0,8495.0
0,48938.0,1889.0434782608695,1092.0,2152.9446261636713,18.0,8532.0
0,48956.0,1907.0434782608695,1110.0,2152.9446261636713,14.0,8550.0
0,48958.0,1909.0434782608695,1112.0,2152.9446261636713,16.0,8552.0
0,48971.0,1922.0434782608695,1125.0,2152.9446261636713,29.0,8565.0
0,48979.0,1930.0434782608695,1133.0,2152.9446261636713,37.0,8573.0
0,48986.0,1937.0434782608695,1140.0,2152.9446261636713,44.0,8580.0
0,48991.0,1942.0434782608695,1145.0,2152.9446261636713,49.0,8585.0
0,48992.0,1943.0434782608695,1146.0,2152.9446261636713,50.0,8586.0
0,48995.0,1946.0434782608695,1149.0,2152.9446261636713,53.0,8589.0
0,49008.0,2023.8181818181818,1172.5,2179.302090878129,66.0,8602.0
0,49026.0,2045.5238095238096,1180.0,2230.5190858385968,9.0,8620.0
0,49033.0,2052.5238095238096,1187.0,2230.5190858385968,16.0,8627.0
0,49062.0,2081.5238095238096,1216.0,2230.5190858385968,45.0,8656.0
0,49098.0,2117.5238095238096,1252.0,2230.5190858385968,81.0,8692.0
0,49111.0,2130.5238095238096,1265.0,2230.5190858385968,94.0,8705.0
0,49121.0,2140.5238095238096,1275.0,2230.5190858385968,5.0,8715.0
0,49123.0,2142.5238095238096,1277.0,2230.5190858385968,7.0,8717.0
0,49157.0,2059.681818181818,1196.5,2240.7749752416958,4.0,8751.0
0,49181.0,1918.409090909091,1041.5,2252.7686129635504,20.0,8775.0
0,49186.0,1923.409090909091,1046.5,2252.7686129635504,4.0,8780.0
0,49195.0,1932.409090909091,1055.5,2252.7686129635504,13.0,8789.0
0,49210.0,1863.0869565217392,1006.0,2238.468360539013,8.0,8804.0
0,49239.0,1892.0869565217392,1035.0,2238.468360539013,21.0,8833.0
0,49255.0,1779.8333333333333,808.0,2250.607578460141,5.0,8849.0
0,49275.0,1799.8333333333333,828.0,2250.607578460141,4.0,8869.0
0,49294.0,1875.9130434782608,898.0,2281.9438683993785,4.0,8888.0
0,49307.0,1888.9130434782608,911.0,2281.9438683993785,1.0,8901.0
0,49324.0,1826.5416666666667,877.0,2266.096662015374,1.0,8918.0
0,49328.0,1830.5416666666667,881.0,2266.096662015374,5.0,8922.0
0,49335.0,1837.5416666666667,888.0,2266.096662015374,12.0,8929.0
0,49344.0,1920.6521739130435,948.0,2286.1860323843257,21.0,8938.0
0,49351.0,1927.6521739130435,955.0,2286.1860323843257,28.0,8945.0
0,49352.0,1928.6521739130435,956.0,2286.1860323843257,29.0,8946.0
0,49357.0,1853.25,910.0,2271.0247365818514,1.0,8951.0
0,49367.0,1788.84,869.0,2254.8027794909244,3.0,8961.0
0,49400.0,1821.84,902.0,2254.8027794909244,36.0,8994.0
0,49418.0,1839.84,920.0,2254.8027794909244,54.0,9012.0
0,49441.0,1791.8846153846155,827.5,2239.298676731058,6.0,9035.0
0,49443.0,1793.8846153846155,829.5,2239.298676731058,8.0,9037.0
0,49462.0,1820.76,733.0,2283.2924347091416,27.0,9056.0
0,49475.0,1833.76,746.0,2283.2924347091416,6.0,9069.0
0,49514.0,1801.1923076923076,773.5,2267.3677218516355,12.0,9108.0
0,49524.0,1811.1923076923076,783.5,2267.3677218516355,22.0,9118.0
0,49533.0,1820.1923076923076,792.5,2267.3677218516355,31.0,9127.0
0,49546.0,1833.1923076923076,805.5,2267.3677218516355,8.0,9140.0
0,49552.0,1839.1923076923076,811.5,2267.3677218516355,14.0,9146.0
0,49554.0,1841.1923076923076,813.5,2267.3677218516355,16.0,9148.0
0,49574.0,1861.1923076923076,833.5,2267.3677218516355,9.0,9168.0
0,49611.0,1884.8846153846155,870.5,2277.344224630001,7.0,9205.0
0,49624.0,1897.8846153846155,883.5,2277.344224630001,11.0,9218.0
0,49630.0,1903.8846153846155,889.5,2277.344224630001,17.0,9224.0
0,49635.0,1908.8846153846155,894.5,2277.344224630001,22.0,9229.0
0,49643.0,1916.8846153846155,902.5,2277.344224630001,30.0,9237.0
0,49666.0,1939.8846153846155,925.5,2277.344224630001,10.0,9260.0
0,49678.0,1715.7307692307693,886.0,2051.7001684848947,22.0,9272.0
0,49682.0,1755.08,930.0,2084.553610152543,26.0,9276.0
0,49686.0,1737.48,934.0,2099.8052884970075,1.0,9280.0
0,49700.0,1801.6666666666667,959.5,2128.3633709704945,15.0,9294.0
0,49763.0,1792.08,1011.0,2115.4633519869826,5.0,9357.0
0,49766.0,1795.08,1014.0,2115.4633519869826,8.0,9360.0
0,49780.0,1707.0,988.0,2097.8901504448067,1.0,9374.0
0,49792.0,1719.0,1000.0,2097.8901504448067,13.0,9386.0
0,49806.0,1733.0,1014.0,2097.8901504448067,12.0,9400.0
0,49810.0,1667.56,978.0,2083.464251289184,1.0,9404.0
0,49819.0,1737.125,1027.0,2104.7536536868947,10.0,9413.0
0,49831.0,1762.7826086956522,999.0,2148.981011438591,22.0,9425.0
0,49851.0,1782.7826086956522,1019.0,2148.981011438591,12.0,9445.0
0,49856.0,1787.7826086956522,1024.0,2148.981011438591,17.0,9450.0
0,49873.0,1810.9545454545455,998.0,2197.0793728632466,12.0,9467.0
0,49881.0,1782.3333333333333,963.0,2242.2127322151964,7.0,9475.0
0,49904.0,1846.3,907.5,2289.9017904704997,30.0,9498.0
0,49913.0,1855.3,916.5,2289.9017904704997,1.0,9507.0
0,49919.0,1937.3157894736842,1087.0,2324.6642327471404,7.0,9513.0
0,49936.0,2050.5,1144.0,2351.278995922574,2.0,9530.0
0,49961.0,1870.25,964.5,2314.0461938993353,14.0,9555.0
0,49970.0,1879.25,973.5,2314.0461938993353,23.0,9564.0
0,49987.0,1896.25,990.5,2314.0461938993353,2.0,9581.0
0,49988.0,1897.25,991.5,2314.0461938993353,3.0,9582.0
0,50019.0,1890.75,1022.5,2338.4764885497566,16.0,9613.0
0,50027.0,1846.6842105263158,866.0,2387.9006867436287,24.0,9621.0
0,50052.0,1871.6842105263158,891.0,2387.9006867436287,4.0,9646.0
0,50062.0,1881.6842105263158,901.0,2387.9006867436287,3.0,9656.0
0,50094.0,1819.5,852.0,2363.368115634972,30.0,9688.0
0,50095.0,1820.5,853.0,2363.368115634972,31.0,9689.0
0,50124.0,1870.7368421052631,963.0,2433.980232634026,15.0,9718.0
0,50160.0,1727.7619047619048,837.0,2379.989854015227,22.0,9754.0
0,50167.0,1734.7619047619048,844.0,2379.989854015227,3.0,9761.0
0,50174.0,1662.7272727272727,836.0,2353.3076950195054,3.0,9768.0
0,50176.0,1664.7272727272727,838.0,2353.3076950195054,5.0,9770.0
0,50185.0,1673.7272727272727,847.0,2353.3076950195054,3.0,9779.0
0,50187.0,1675.7272727272727,849.0,2353.3076950195054,5.0,9781.0
0,50200.0,1688.7272727272727,862.0,2353.3076950195054,18.0,9794.0
0,50205.0,1693.7272727272727,867.0,2353.3076950195054,23.0,9799.0
0,50223.0,1429.7272727272727,704.0,2160.0831672081977,13.0,9817.0
0,50245.0,1383.2272727272727,498.0,2180.754726148687,9.0,9839.0
0,50273.0,1350.7826086956522,464.0,2151.5808739363824,2.0,9867.0
0,50274.0,1351.7826086956522,465.0,2151.5808739363824,3.0,9868.0
0,50310.0,1280.9565217391305,373.0,2155.443633913726,1.0,9904.0
0,50325.0,1295.9565217391305,388.0,2155.443633913726,16.0,9919.0
0,50326.0,1296.9565217391305,389.0,2155.443633913726,17.0,9920.0
0,50355.0,1331.9545454545455,417.0,2203.6988838453303,46.0,9949.0
0,50367.0,1331.047619047619,428.0,2254.745144001666,58.0,9961.0
0,50384.0,1348.047619047619,445.0,2254.745144001666,15.0,9978.0
0,50385.0,1349.047619047619,446.0,2254.745144001666,16.0,9979.0
0,50389.0,1353.047619047619,450.0,2254.745144001666,20.0,9983.0
0,50400.0,1337.15,430.5,2307.135957740679,31.0,9994.0
0,50404.0,1341.15,434.5,2307.135957740679,35.0,9998.0
0,50422.0,1359.15,452.5,2307.135957740679,3.0,10016.0
0,50425.0,1362.15,455.5,2307.135957740679,6.0,10019.0
0,50437.0,1374.15,467.5,2307.135957740679,9.0,10031.0
0,50447.0,1384.15,477.5,2307.135957740679,1.0,10041.0
0,50471.0,1408.15,501.5,2307.135957740679,25.0,10065.0
0,50484.0,1481.421052631579,545.0,2351.6750875602534,5.0,10078.0
0,50494.0,1491.421052631579,555.0,2351.6750875602534,15.0,10088.0
0,50495.0,1492.421052631579,556.0,2351.6750875602534,16.0,10089.0
0,50496.0,1493.421052631579,557.0,2351.6750875602534,17.0,10090.0
0,50516.0,1513.421052631579,577.0,2351.6750875602534,37.0,10110.0
0,50518.0,1439.7,548.5,2315.7713207482298,1.0,10112.0
0,50522.0,1317.7894736842106,522.0,1806.5194968559776,2.0,6993.0
0,50523.0,1285.0,523.0,1703.0969005407703,3.0,6352.0
0,50558.0,984.1578947368421,494.0,1235.8534346399483,6.0,4742.0
0,50561.0,987.1578947368421,497.0,1235.8534346399483,9.0,4745.0
0,50583.0,959.3,496.5,1224.0087458837866,12.0,4767.0
0,50617.0,993.3,530.5,1224.0087458837866,5.0,4801.0
0,50664.0,1040.3,577.5,1224.0087458837866,18.0,4848.0
0,50671.0,1072.842105263158,607.0,1250.6006246750692,25.0,4855.0
0,50697.0,1045.15,601.5,1241.1993504268362,25.0,4881.0
0,50704.0,1052.15,608.5,1241.1993504268362,4.0,4888.0
0,50706.0,1054.15,610.5,1241.1993504268362,6.0,4890.0
0,50736.0,1060.0,640.5,1257.2367716544088,1.0,4920.0
0,50742.0,1066.0,646.5,1257.2367716544088,7.0,4926.0
0,50752.0,1076.0,656.5,1257.2367716544088,17.0,4936.0
0,50815.0,1139.0,719.5,1257.2367716544088,26.0,4999.0
0,50820.0,1175.8947368421052,756.0,1281.9869814076173,31.0,5004.0
0,50830.0,1127.05,734.5,1275.5812194838868,9.0,5014.0
0,50834.0,1131.05,738.5,1275.5812194838868,13.0,5018.0
0,50846.0,1143.05,750.5,1275.5812194838868,6.0,5030.0
0,50850.0,1147.05,754.5,1275.5812194838868,10.0,5034.0
0,50861.0,1158.05,765.5,1275.5812194838868,21.0,5045.0
0,50876.0,1126.6,743.5,1300.011899945535,8.0,5060.0
0,50888.0,1160.7894736842106,761.0,1330.0873963745614,20.0,5072.0
0,50920.0,1158.157894736842,793.0,1351.2812735816367,26.0,5104.0
0,50926.0,1164.157894736842,799.0,1351.2812735816367,32.0,5110.0
0,50927.0,1165.157894736842,800.0,1351.2812735816367,33.0,5111.0
0,50940.0,1132.7368421052631,802.0,1374.9709218783794,13.0,5124.0
0,50950.0,1161.111111111111,628.0,1410.3760684019662,4.0,5134.0
0,50960.0,1171.111111111111,638.0,1410.3760684019662,14.0,5144.0
0,50992.0,1035.4761904761904,440.0,1368.7965036778573,2.0,5176.0
0,50998.0,1041.4761904761904,446.0,1368.7965036778573,8.0,5182.0
0,50999.0,1042.4761904761904,447.0,1368.7965036778573,9.0,5183.0
0,51004.0,1047.4761904761904,452.0,1368.7965036778573,14.0,5188.0
0,51017.0,1012.4090909090909,455.5,1355.344761879323,3.0,5201.0
0,51030.0,1066.5238095238096,478.0,1373.7701554151251,16.0,5214.0
0,51042.0,984.9565217391304,471.0,1347.242384126888,2.0,5226.0
0,51064.0,1006.9565217391304,493.0,1347.242384126888,11.0,5248.0
0,51068.0,1010.9565217391304,497.0,1347.242384126888,15.0,5252.0
0,51077.0,1019.9565217391304,506.0,1347.242384126888,24.0,5261.0
0,51086.0,986.2083333333334,464.5,1334.715262367679,3.0,5270.0
0,51087.0,987.2083333333334,465.5,1334.715262367679,4.0,5271.0
0,51132.0,1008.0833333333334,428.5,1347.8391013231349,1.0,5316.0
0,51150.0,1065.8695652173913,478.0,1362.9619377870877,19.0,5334.0
0,51152.0,1023.4583333333334,448.5,1351.157558637737,2.0,5336.0
0,51157.0,1028.4583333333333,453.5,1351.157558637737,7.0,5341.0
0,51166.0,1037.4583333333333,462.5,1351.157558637737,16.0,5350.0
0,51174.0,1045.4583333333333,470.5,1351.157558637737,24.0,5358.0
0,51176.0,1047.4583333333333,472.5,1351.157558637737,2.0,5360.0
0,51191.0,1018.625,413.0,1367.3634853401882,12.0,5375.0
0,51204.0,1031.625,426.0,1367.3634853401882,25.0,5388.0
0,51216.0,1043.625,438.0,1367.3634853401882,37.0,5400.0
0,51232.0,1059.625,454.0,1367.3634853401882,53.0,5416.0
0,51243.0,1070.625,465.0,1367.3634853401882,64.0,5427.0
0,51248.0,1075.625,470.0,1367.3634853401882,69.0,5432.0
0,51257.0,1109.0869565217392,436.0,1391.6221349028644,3.0,5441.0
0,51267.0,1109.5,409.5,1422.1554303879088,10.0,5451.0
0,51268.0,1110.5,410.5,1422.1554303879088,11.0,5452.0
0,51280.0,1122.5,422.5,1422.1554303879088,1.0,5464.0
0,51293.0,1135.5,435.5,1422.1554303879088,14.0,5477.0
0,51315.0,1157.5,457.5,1422.1554303879088,36.0,5499.0
0,51316.0,1158.5,458.5,1422.1554303879088,37.0,5500.0
0,51329.0,1092.4347826086957,402.0,1426.5881409879871,3.0,5513.0
0,51356.0,1119.4347826086957,429.0,1426.5881409879871,8.0,5540.0
0,51402.0,1117.4166666666667,458.0,1415.4107742002755,13.0,5586.0
0,51409.0,1124.4166666666667,465.0,1415.4107742002755,3.0,5593.0
0,51424.0,1139.4166666666667,480.0,1415.4107742002755,4.0,5608.0
0,51426.0,1095.84,465.0,1404.6728211224136,2.0,5610.0
0,51436.0,1129.3333333333333,474.5,1428.8177125006384,2.0,5620.0
0,51446.0,1139.3333333333333,484.5,1428.8177125006384,12.0,5630.0
0,51453.0,1146.3333333333333,491.5,1428.8177125006384,19.0,5637.0
0,51466.0,1159.3333333333333,504.5,1428.8177125006384,32.0,5650.0
0,51467.0,1160.3333333333333,505.5,1428.8177125006384,33.0,5651.0
0,51488.0,1093.0833333333333,525.0,1432.593217347091,17.0,5672.0
0,51491.0,859.75,502.0,1082.8902395133744,3.0,4921.0
0,51508.0,876.75,519.0,1082.8902395133744,10.0,4938.0
0,51510.0,878.75,521.0,1082.8902395133744,1.0,4940.0
0,51511.0,879.75,522.0,1082.8902395133744,2.0,4941.0
0,51516.0,884.75,527.0,1082.8902395133744,7.0,4946.0
0,51583.0,930.5833333333334,581.0,1095.0611823343731,9.0,5013.0
0,51585.0,932.5833333333334,583.0,1095.0611823343731,2.0,5015.0
0,51590.0,900.28,550.0,1088.3885159261833,5.0,5020.0
0,51629.0,939.28,589.0,1088.3885159261833,14.0,5059.0
0,51637.0,947.28,597.0,1088.3885159261833,8.0,5067.0
0,51640.0,950.28,600.0,1088.3885159261833,11.0,5070.0
0,51641.0,951.28,601.0,1088.3885159261833,1.0,5071.0
0,51659.0,988.4583333333334,657.0,1106.685252573598,5.0,5089.0
0,51663.0,992.4583333333334,661.0,1106.685252573598,1.0,5093.0
0,51669.0,998.4583333333334,667.0,1106.685252573598,7.0,5099.0
0,51709.0,1038.4583333333333,707.0,1106.6852525735983,6.0,5139.0
0,51710.0,1039.4583333333333,708.0,1106.6852525735983,7.0,5140.0
0,51717.0,975.2083333333334,655.5,1116.2262307721892,7.0,5147.0
0,51739.0,957.96,656.0,1110.4471704678256,7.0,5169.0
0,51747.0,965.96,664.0,1110.4471704678256,5.0,5177.0
0,51767.0,985.96,684.0,1110.4471704678256,25.0,5197.0
0,51784.0,1028.2916666666667,722.5,1126.2457354401931,42.0,5214.0
0,51841.0,974.5769230769231,686.0,1133.0301500868886,18.0,5271.0
0,51842.0,972.1538461538462,687.0,1133.4541384739257,19.0,5272.0
0,51856.0,920.3333333333334,534.0,1141.3696775106393,4.0,5286.0
0,51861.0,925.3333333333334,539.0,1141.3696775106393,9.0,5291.0
0,51878.0,967.3076923076923,627.5,1155.849962622604,11.0,5308.0
0,51925.0,1014.3076923076923,674.5,1155.849962622604,25.0,5355.0
0,51940.0,1045.76,761.0,1175.751275738198,40.0,5370.0
0,51952.0,1027.24,626.0,1192.5301264119075,10.0,5382.0
0,51962.0,1037.3333333333333,587.0,1217.1208741214748,20.0,5392.0
0,51963.0,1038.3333333333333,588.0,1217.1208741214748,21.0,5393.0
0,51965.0,1040.3333333333333,590.0,1217.1208741214748,23.0,5395.0
0,51968.0,973.695652173913,544.0,1195.5774458861003,26.0,5398.0
0,51980.0,985.695652173913,556.0,1195.5774458861003,38.0,5410.0
0,52007.0,1012.695652173913,583.0,1195.5774458861003,65.0,5437.0
0,52023.0,1028.695652173913,599.0,1195.5774458861003,6.0,5453.0
0,52073.0,1035.1666666666667,625.5,1188.8762083955119,15.0,5503.0
0,52080.0,1061.0,656.0,1210.9365401819477,22.0,5510.0
0,52081.0,1062.0,657.0,1210.9365401819477,23.0,5511.0
0,52097.0,992.08,609.0,1197.4782142485935,2.0,5527.0
0,52098.0,993.08,610.0,1197.4782142485935,3.0,5528.0
0,52104.0,974.5833333333334,599.0,1216.0180891152713,9.0,5534.0
0,52105.0,975.5833333333334,600.0,1216.0180891152713,10.0,5535.0
0,52129.0,1015.1739130434783,607.0,1239.8216439813787,34.0,5559.0
0,52133.0,1019.1739130434783,611.0,1239.8216439813787,38.0,5563.0
0,52138.0,813.304347826087,616.0,774.0154157987681,43.0,3306.0
0,52141.0,820.6363636363636,525.0,791.1384515916142,46.0,3309.0
0,52146.0,825.6363636363636,530.0,791.1384515916142,4.0,3314.0
0,52163.0,806.0434782608696,453.0,792.5565391029578,1.0,3331.0
0,52173.0,782.4583333333334,456.5,792.411665905979,4.0,3341.0
0,52193.0,802.4583333333334,476.5,792.411665905979,24.0,3361.0
0,52199.0,814.1739130434783,476.0,808.970287634838,5.0,3367.0
0,52211.0,826.1739130434783,488.0,808.970287634838,17.0,3379.0
0,52219.0,834.1739130434783,496.0,808.970287634838,3.0,3387.0
0,52225.0,840.1739130434783,502.0,808.970287634838,9.0,3393.0
0,52252.0,867.1739130434783,529.0,808.970287634838,36.0,3420.0
0,52277.0,892.1739130434783,554.0,808.970287634838,61.0,3445.0
0,52280.0,895.1739130434783,557.0,808.970287634838,64.0,3448.0
0,52300.0,912.5,539.5,827.0522545874485,84.0,3468.0
0,52309.0,921.5,548.5,827.0522545874485,93.0,3477.0
0,52312.0,924.5,551.5,827.0522545874485,96.0,3480.0
0,52325.0,937.5,564.5,827.0522545874485,109.0,3493.0
0,52329.0,941.5,568.5,827.0522545874485,113.0,3497.0
0,52341.0,948.05,580.5,833.0821373070004,7.0,3509.0
0,52355.0,962.05,594.5,833.0821373070004,21.0,3523.0
0,52357.0,964.05,596.5,833.0821373070004,23.0,3525.0
0,52370.0,977.05,609.5,833.0821373070004,36.0,3538.0
0,52395.0,1002.05,634.5,833.0821373070004,1.0,3563.0
0,52431.0,1038.05,670.5,833.0821373070004,37.0,3599.0
0,52443.0,1050.05,682.5,833.0821373070004,49.0,3611.0
0,52448.0,1055.05,687.5,833.0821373070004,54.0,3616.0
0,52451.0,1058.05,690.5,833.0821373070004,57.0,3619.0
0,52459.0,1047.9,698.5,851.835717729657,5.0,3627.0
0,52462.0,1067.3157894736842,664.0,870.8761500340108,8.0,3630.0
0,52481.0,1086.3157894736842,683.0,870.8761500340108,17.0,3649.0
0,52527.0,1132.3157894736842,729.0,870.8761500340108,63.0,3695.0
0,52535.0,1140.3157894736842,737.0,870.8761500340108,71.0,3703.0
0,52537.0,1142.3157894736842,739.0,870.8761500340108,73.0,3705.0
0,52539.0,1144.3157894736842,741.0,870.8761500340108,75.0,3707.0
0,52567.0,1172.3157894736842,769.0,870.8761500340108,103.0,3735.0
0,52569.0,1174.3157894736842,771.0,870.8761500340108,105.0,3737.0
0,52595.0,1200.3157894736842,797.0,870.8761500340108,131.0,3763.0
0,52605.0,1210.3157894736842,807.0,870.8761500340108,141.0,3773.0
0,52685.0,1290.3157894736842,887.0,870.8761500340108,221.0,3853.0
0,52689.0,1294.3157894736842,891.0,870.8761500340108,225.0,3857.0
0,52710.0,1315.3157894736842,912.0,870.8761500340108,246.0,3878.0
0,52711.0,1316.3157894736842,913.0,870.8761500340108,247.0,3879.0
0,52715.0,1320.3157894736842,917.0,870.8761500340108,251.0,3883.0
0,52736.0,1341.3157894736842,938.0,870.8761500340108,272.0,3904.0
0,52739.0,1344.3157894736842,941.0,870.8761500340108,275.0,3907.0
0,52792.0,1397.3157894736842,994.0,870.8761500340108,328.0,3960.0
0,52804.0,1409.3157894736842,1006.0,870.8761500340108,340.0,3972.0
0,52813.0,1418.3157894736842,1015.0,870.8761500340108,349.0,3981.0
0,52821.0,1426.3157894736842,1023.0,870.8761500340108,357.0,3989.0
0,52827.0,1432.3157894736842,1029.0,870.8761500340108,363.0,3995.0
0,52836.0,1458.8333333333333,1032.5,891.4760699723429,372.0,4004.0
0,52842.0,1511.0,1044.0,896.1662135747705,378.0,4010.0
0,52885.0,1554.0,1087.0,896.1662135747705,421.0,4053.0
0,52889.0,1558.0,1091.0,896.1662135747705,425.0,4057.0
0,52890.0,1559.0,1092.0,896.1662135747705,426.0,4058.0
0,52929.0,1598.0,1131.0,896.1662135747705,465.0,4097.0
0,52973.0,1686.25,1362.0,905.5503506155801,509.0,4141.0
0,53009.0,1722.25,1398.0,905.5503506155801,545.0,4177.0
0,53030.0,1743.25,1419.0,905.5503506155801,566.0,4198.0
0,53037.0,1750.25,1426.0,905.5503506155801,573.0,4205.0
0,53075.0,1788.25,1464.0,905.5503506155801,611.0,4243.0
0,53088.0,1801.25,1477.0,905.5503506155801,624.0,4256.0
0,53098.0,1811.25,1487.0,905.5503506155801,634.0,4266.0
0,53104.0,1817.25,1493.0,905.5503506155801,640.0,4272.0
0,53122.0,1824.8666666666666,1324.0,934.3257010034325,658.0,4290.0
0,53127.0,1869.2142857142858,1516.0,955.036961032805,663.0,4295.0
0,53148.0,1890.2142857142858,1537.0,955.036961032805,684.0,4316.0
0,53173.0,1915.2142857142858,1562.0,955.036961032805,709.0,4341.0
0,53198.0,1940.2142857142858,1587.0,955.036961032805,734.0,4366.0
0,53208.0,1950.2142857142858,1597.0,955.036961032805,744.0,4376.0
0,53245.0,1987.2142857142858,1634.0,955.036961032805,781.0,4413.0
0,53270.0,2012.2142857142858,1659.0,955.036961032805,806.0,4438.0
0,53278.0,2020.2142857142858,1667.0,955.036961032805,814.0,4446.0
0,53312.0,2054.214285714286,1701.0,955.036961032805,848.0,4480.0
0,53324.0,2066.214285714286,1713.0,955.036961032805,860.0,4492.0
0,53378.0,2120.214285714286,1767.0,955.036961032805,914.0,4546.0
0,53395.0,2137.214285714286,1784.0,955.036961032805,931.0,4563.0
0,53429.0,2171.214285714286,1818.0,955.036961032805,965.0,4597.0
0,53432.0,2174.214285714286,1821.0,955.036961032805,968.0,4600.0
0,53438.0,2180.214285714286,1827.0,955.036961032805,974.0,4606.0
0,53452.0,2194.214285714286,1841.0,955.036961032805,988.0,4620.0
0,53455.0,2197.214285714286,1844.0,955.036961032805,991.0,4623.0
0,53505.0,2247.214285714286,1894.0,955.036961032805,1041.0,4673.0
0,53529.0,2271.214285714286,1918.0,955.036961032805,1065.0,4697.0
0,53617.0,2359.214285714286,2006.0,955.036961032805,1153.0,4785.0
0,53664.0,2406.214285714286,2053.0,955.036961032805,1200.0,4832.0
0,53686.0,2428.214285714286,2075.0,955.036961032805,1222.0,4854.0
0,53716.0,2458.214285714286,2105.0,955.036961032805,1252.0,4884.0
0,53719.0,2461.214285714286,2108.0,955.036961032805,1255.0,4887.0
0,53744.0,2486.214285714286,2133.0,955.036961032805,1280.0,4912.0
0,53753.0,2495.214285714286,2142.0,955.036961032805,1289.0,4921.0
0,53777.0,2519.214285714286,2166.0,955.036961032805,1313.0,4945.0
0,53846.0,2588.214285714286,2235.0,955.036961032805,1382.0,5014.0
0,53864.0,2606.214285714286,2253.0,955.036961032805,1400.0,5032.0
0,53916.0,2658.214285714286,2305.0,955.036961032805,1452.0,5084.0
0,53944.0,2686.214285714286,2333.0,955.036961032805,1480.0,5112.0
0,53972.0,2714.214285714286,2361.0,955.036961032805,1508.0,5140.0
0,53988.0,2730.214285714286,2377.0,955.036961032805,1524.0,5156.0
0,54036.0,2778.214285714286,2425.0,955.036961032805,1572.0,5204.0
0,54068.0,2810.214285714286,2457.0,955.036961032805,1604.0,5236.0
0,54113.0,2855.214285714286,2502.0,955.036961032805,1649.0,5281.0
0,54136.0,2878.214285714286,2525.0,955.036961032805,1672.0,5304.0
0,54140.0,2882.214285714286,2529.0,955.036961032805,1676.0,5308.0
0,54154.0,2896.214285714286,2543.0,955.036961032805,1690.0,5322.0
0,54241.0,2983.214285714286,2630.0,955.036961032805,1777.0,5409.0
0,54270.0,3012.214285714286,2659.0,955.036961032805,1806.0,5438.0
0,54271.0,3013.214285714286,2660.0,955.036961032805,1807.0,5439.0
0,54295.0,3037.214285714286,2684.0,955.036961032805,1831.0,5463.0
0,54342.0,3084.214285714286,2731.0,955.036961032805,1878.0,5510.0
0,54391.0,3133.214285714286,2780.0,955.036961032805,1927.0,5559.0
0,54394.0,3136.214285714286,2783.0,955.036961032805,1930.0,5562.0
0,54422.0,3164.214285714286,2811.0,955.036961032805,1958.0,5590.0
0,54464.0,3206.214285714286,2853.0,955.036961032805,2000.0,5632.0
0,54478.0,3220.214285714286,2867.0,955.036961032805,2014.0,5646.0
0,54522.0,3250.769230769231,2724.0,989.8111050441086,2058.0,5690.0
0,54609.0,3337.769230769231,2811.0,989.8111050441086,2145.0,5777.0
0,54622.0,3350.769230769231,2824.0,989.8111050441086,2158.0,5790.0
0,54678.0,3406.769230769231,2880.0,989.8111050441086,2214.0,5846.0
0,54684.0,3412.769230769231,2886.0,989.8111050441086,2220.0,5852.0
0,54709.0,3437.769230769231,2911.0,989.8111050441086,2245.0,5877.0
0,54713.0,3441.769230769231,2915.0,989.8111050441086,2249.0,5881.0
0,54829.0,3557.769230769231,3031.0,989.8111050441086,2365.0,5997.0
0,54845.0,3573.769230769231,3047.0,989.8111050441086,2381.0,6013.0
0,54853.0,3581.769230769231,3055.0,989.8111050441086,2389.0,6021.0
0,54993.0,3721.769230769231,3195.0,989.8111050441086,2529.0,6161.0
0,55049.0,3777.769230769231,3251.0,989.8111050441086,2585.0,6217.0
0,55066.0,3794.769230769231,3268.0,989.8111050441086,2602.0,6234.0
0,55142.0,3870.769230769231,3344.0,989.8111050441086,2678.0,6310.0
0,55197.0,3925.769230769231,3399.0,989.8111050441086,2733.0,6365.0
0,55240.0,3968.769230769231,3442.0,989.8111050441086,2776.0,6408.0
0,55282.0,4010.769230769231,3484.0,989.8111050441086,2818.0,6450.0
0,55516.0,4244.7692307692305,3718.0,989.8111050441083,3052.0,6684.0
0,55591.0,4319.7692307692305,3793.0,989.8111050441083,3127.0,6759.0
0,55594.0,4322.7692307692305,3796.0,989.8111050441083,3130.0,6762.0
0,55717.0,4445.7692307692305,3919.0,989.8111050441083,3253.0,6885.0
0,55877.0,4605.7692307692305,4079.0,989.8111050441083,3413.0,7045.0
0,55917.0,4645.7692307692305,4119.0,989.8111050441083,3453.0,7085.0
0,55923.0,4651.7692307692305,4125.0,989.8111050441083,3459.0,7091.0
0,56031.0,4759.7692307692305,4233.0,989.8111050441083,3567.0,7199.0
0,56132.0,4860.7692307692305,4334.0,989.8111050441083,3668.0,7300.0
0,56217.0,4945.7692307692305,4419.0,989.8111050441083,3753.0,7385.0
0,56375.0,5103.7692307692305,4577.0,989.8111050441083,3911.0,7543.0
0,56595.0,5323.7692307692305,4797.0,989.8111050441083,4131.0,7763.0
0,56802.0,5530.7692307692305,5004.0,989.8111050441083,4338.0,7970.0
0,56805.0,5533.7692307692305,5007.0,989.8111050441083,4341.0,7973.0
0,56956.0,5684.7692307692305,5158.0,989.8111050441083,4492.0,8124.0
0,57505.0,6233.7692307692305,5707.0,989.8111050441083,5041.0,8673.0
0,57847.0,6575.7692307692305,6049.0,989.8111050441083,5383.0,9015.0
